1024 1.43e-07 0.0184081 0.00100209 5.4152e-05 0.000311092 0.000379989 0.000944773 4.8894e-05 0.00130334 0.00136439 0.00132755 0.000194709 4.749e-06 0.000206215 0.000796602 0.000186521 1.8289e-05 0.000211181 93.0909
1024 7.4e-08 0.0175515 0.00075455 4.9148e-05 0.000291949 0.000354936 0.000639531 4.6945e-05 0.00117369 0.00123141 0.000885595 0.000173589 4.411e-06 0.00018328 0.000819142 0.000171772 1.6865e-05 0.000194008 93.0909
1024 1.41e-07 0.0183981 0.000813002 6.7714e-05 0.000408576 0.000497722 0.000722605 6.2038e-05 0.00160998 0.00168505 0.00073811 0.000247819 6.248e-06 0.00026736 0.000773377 0.000186192 1.8266e-05 0.000211364 93.0909
1024 1.38e-07 0.0129268 0.000873521 0.000101346 0.00059438 0.000723406 0.000829862 4.9719e-05 0.00122695 0.00128948 0.000727799 0.000188403 4.759e-06 0.000199437 0.000743298 0.000196669 1.8706e-05 0.000223351 93.0909
1024 7.7e-08 0.0129398 0.000872057 5.4794e-05 0.000289616 0.000359296 0.000662588 4.5058e-05 0.00122196 0.00127931 0.000758753 0.000188383 4.743e-06 0.000199134 0.00080163 0.000186601 1.8273e-05 0.0002114 93.0909
1024 8.2e-08 0.0128871 0.000743315 4.9275e-05 0.000286667 0.000349009 0.000775225 4.5092e-05 0.00117068 0.00122675 0.00075773 0.000173348 4.35e-06 0.000183444 0.00074631 0.000171412 1.6729e-05 0.000193886 93.0909
1024 8.5e-08 0.0138953 0.000788555 5.3391e-05 0.000310705 0.000378245 0.000691138 4.8594e-05 0.00127375 0.00133405 0.000824448 0.000188532 4.784e-06 0.000199146 0.000767728 0.000186635 1.8361e-05 0.000210864 93.0909
1024 7.5e-08 0.013033 0.000724632 5.0942e-05 0.00029259 0.000360003 0.000741046 4.8203e-05 0.00118738 0.00124687 0.000725938 0.000173297 4.381e-06 0.00018337 0.000737053 0.00017172 1.6936e-05 0.000194775 93.0909
1024 7.9e-08 0.0139116 0.000820088 5.3204e-05 0.000310407 0.000377447 0.000697985 4.8872e-05 0.00127905 0.00133939 0.000864067 0.000188376 4.695e-06 0.00019914 0.000889155 0.000186649 1.8124e-05 0.000211103 93.0909
1024 7.7e-08 0.0129887 0.000838963 5.1322e-05 0.00029637 0.000362872 0.000717073 4.506e-05 0.00116273 0.00121794 0.000953151 0.000360375 9.092e-06 0.000381006 0.000613462 0.000174919 1.6876e-05 0.000198652 93.0909
1024 9.4e-08 0.0253048 0.000732258 7.6281e-05 0.00045906 0.000556651 0.000788933 6.9756e-05 0.00183177 0.00191656 0.000745112 0.000270328 6.761e-06 0.000285067 0.000878406 0.000267629 2.5984e-05 0.000302018 93.0909
1024 7.9e-08 0.0148828 0.000750411 6.558e-05 0.0003573 0.000440778 0.000708825 5.6038e-05 0.00145161 0.00151976 0.000766086 0.000227635 5.838e-06 0.000245355 0.000753428 0.00021391 2.0922e-05 0.000242416 93.0909
1024 8e-08 0.0133076 0.000858321 5.1066e-05 0.000292548 0.000361577 0.000721807 4.5102e-05 0.00116307 0.00121814 0.000962232 0.000360095 9.112e-06 0.000380927 0.000795291 0.000171984 1.6953e-05 0.000194742 93.0909
1024 8.4e-08 0.0137256 0.000850159 5.1449e-05 0.000293038 0.000361389 0.000717337 5.9206e-05 0.00122763 0.00129886 0.000776764 0.000173647 4.388e-06 0.000183958 0.000737893 0.000171605 1.6958e-05 0.000194808 93.0909
1024 7.9e-08 0.0131628 0.000769118 4.9065e-05 0.000285961 0.000348311 0.000740566 4.7463e-05 0.00189729 0.00196397 0.000823592 0.000173548 4.368e-06 0.000183839 0.000783777 0.000171922 1.7013e-05 0.000195012 93.0909
1024 7.9e-08 0.013042 0.000784691 5.1105e-05 0.000297996 0.000362814 0.000756642 4.5131e-05 0.00116869 0.00122393 0.000762455 0.00017875 4.597e-06 0.000190085 0.000860586 0.000171779 1.6872e-05 0.000194852 93.0909
1024 7.3e-08 0.0131502 0.000934718 4.9136e-05 0.00028577 0.00034772 0.000732248 4.4983e-05 0.00116367 0.00121871 0.000811806 0.000173388 4.348e-06 0.00018309 0.000783053 0.000189782 1.7825e-05 0.000215548 93.0909
1024 7.5e-08 0.013959 0.000756827 5.3293e-05 0.000328495 0.000397553 0.000767038 4.8852e-05 0.00126767 0.00132699 0.000695653 0.000188452 4.717e-06 0.00019934 0.000734097 0.000197222 1.8578e-05 0.000223673 93.0909
1024 8.3e-08 0.0138858 0.000800864 5.6641e-05 0.000295827 0.000367413 0.000705041 4.503e-05 0.00116554 0.00122069 0.000811469 0.000173487 4.313e-06 0.000183569 0.000760352 0.000171731 1.6918e-05 0.00019488 93.0909
1024 1.09e-07 0.014017 0.000857598 5.1135e-05 0.000292474 0.000358166 0.00075673 4.499e-05 0.00116449 0.00121963 0.00081454 0.000179004 4.442e-06 0.000189518 0.000742444 0.000171807 1.6861e-05 0.000194396 93.0909
2048 8.4e-08 0.0261502 0.00119859 5.8015e-05 0.000568943 0.000641775 0.000897612 5.3467e-05 0.00233767 0.00240269 0.000885157 0.000218919 5.251e-06 0.000233332 0.000854803 0.000202275 1.9653e-05 0.000228484 170.667
2048 7.6e-08 0.0258851 0.000907174 5.7117e-05 0.000613649 0.000686039 0.00087667 4.8692e-05 0.00255059 0.00261105 0.000932378 0.000201772 4.978e-06 0.000212959 0.000886738 0.000214285 2.0174e-05 0.000243057 170.667
2048 8.6e-08 0.0267019 0.000919049 5.1331e-05 0.000580095 0.000646615 0.000839984 4.5041e-05 0.00240308 0.00246038 0.000950652 0.000185671 4.553e-06 0.000196127 0.000938452 0.000205454 2.1654e-05 0.000235931 170.667
2048 8.2e-08 0.0257366 0.000980379 5.4819e-05 0.000571564 0.00064145 0.000792148 4.487e-05 0.00249069 0.00255081 0.000903844 0.000185664 4.563e-06 0.000195981 0.000981241 0.000186136 1.82e-05 0.000210567 170.667
2048 9e-08 0.0310678 0.000901523 8.0295e-05 0.000592369 0.000689875 0.00087854 4.9799e-05 0.00237035 0.00243197 0.000824493 0.000191853 4.651e-06 0.000203221 0.000916843 0.000186075 1.8255e-05 0.000210182 170.667
2048 1.35e-07 0.0305628 0.000925582 5.4877e-05 0.000571071 0.000641096 0.000799125 4.4744e-05 0.00239813 0.0024552 0.000912918 0.000201821 4.993e-06 0.000212946 0.000885261 0.000202179 1.9672e-05 0.000228331 170.667
2048 6.4e-08 0.0376194 0.000851359 5.1232e-05 0.000577381 0.000646945 0.000764173 4.4771e-05 0.00240045 0.00246071 0.000899342 0.000185589 4.51e-06 0.000196121 0.000861989 0.000185763 1.8326e-05 0.000210268 170.667
2048 7.8e-08 0.0254381 0.000791267 5.1191e-05 0.000575597 0.000642939 0.000926338 4.5096e-05 0.00236175 0.00241875 0.000829886 0.000185661 4.559e-06 0.000195932 0.000891746 0.000217395 1.9433e-05 0.000246303 170.667
2048 8.2e-08 0.0259504 0.00088353 5.5131e-05 0.000572308 0.000643903 0.000779314 4.494e-05 0.00233195 0.00238752 0.000822634 0.00020176 4.919e-06 0.000212697 0.000793271 0.000202161 1.9728e-05 0.000228259 170.667
2048 7.9e-08 0.0263097 0.000840713 5.1221e-05 0.000575999 0.000642517 0.000892528 9.2908e-05 0.00412921 0.00424165 0.0010059 0.000192041 4.578e-06 0.000202886 0.000913847 0.000186076 1.83e-05 0.000210315 170.667
2048 8.2e-08 0.0252566 0.001012 5.4859e-05 0.000590333 0.000661095 0.000946484 4.9637e-05 0.00235199 0.0024132 0.0010842 0.000192041 4.63e-06 0.000203526 0.000964069 0.00018619 1.8279e-05 0.000210526 170.667
2048 7.8e-08 0.0296266 0.000851562 5.7446e-05 0.00062128 0.000694483 0.000788829 4.8982e-05 0.0025717 0.0026327 0.000872504 0.000201834 4.932e-06 0.000212927 0.000836738 0.000212213 2.0228e-05 0.000240705 170.667
2048 6.8e-08 0.0295264 0.000860518 5.5026e-05 0.00060985 0.000682299 0.000817531 4.9785e-05 0.00235155 0.00241264 0.00090724 0.000191979 4.591e-06 0.00020357 0.000975236 0.00018623 1.818e-05 0.000210378 170.667
2048 8.7e-08 0.0280765 0.00089076 5.7673e-05 0.000596453 0.000670895 0.000787852 4.9823e-05 0.00234042 0.00240176 0.000856438 0.000208924 4.978e-06 0.000222395 0.000865292 0.000190708 1.815e-05 0.000215326 170.667
2048 7.7e-08 0.0274593 0.000876535 5.7668e-05 0.000623473 0.000697501 0.000843926 4.8556e-05 0.00253797 0.00259804 0.00085507 0.000202053 4.988e-06 0.000213329 0.000809668 0.000202214 1.9684e-05 0.000228373 170.667
2048 8e-08 0.0252996 0.000886051 5.1185e-05 0.000577076 0.000643202 0.000757639 4.4843e-05 0.00240066 0.0024575 0.000835128 0.000185703 4.644e-06 0.000196189 0.000810471 0.000186062 1.8134e-05 0.000210332 170.667
2048 8.1e-08 0.0254125 0.000817532 5.4917e-05 0.000612927 0.000684536 0.000792975 4.9395e-05 0.00234901 0.00240987 0.0010753 0.000385694 9.385e-06 0.000407025 0.000857276 0.000192879 1.8245e-05 0.00021787 170.667
2048 8.1e-08 0.0257339 0.000982211 5.4183e-05 0.000575389 0.000646024 0.000848777 4.4826e-05 0.00254332 0.00260074 0.00142102 0.000215119 5.36e-06 0.000228997 0.000828577 0.000201778 1.9706e-05 0.000227931 170.667
2048 7.8e-08 0.0271921 0.00155678 5.6786e-05 0.000613727 0.000685632 0.000844245 4.8773e-05 0.00254458 0.00260545 0.000861275 0.000202575 5.003e-06 0.000215955 0.000832764 0.000186053 1.8278e-05 0.000210584 170.667
2048 6e-08 0.0250378 0.00143796 5.512e-05 0.000571099 0.000641381 0.000925055 4.4837e-05 0.00238417 0.00244141 0.00097206 0.000185758 4.629e-06 0.000196284 0.000932883 0.000186114 1.8133e-05 0.000210636 170.667
4096 7.7e-08 0.0498969 0.00163349 5.5131e-05 0.00112938 0.00120218 0.000871737 4.9805e-05 0.00471397 0.00477702 0.00104157 0.000204263 4.825e-06 0.000215749 0.000950568 0.000308959 4.0883e-05 0.000363319 315.077
4096 7.5e-08 0.0512022 0.00176626 5.5151e-05 0.00112908 0.00120049 0.00106998 4.9424e-05 0.00477247 0.00483538 0.00108243 0.000217599 5.24e-06 0.000229025 0.00105934 0.000217921 2.124e-05 0.000245943 315.077
4096 7.8e-08 0.0522823 0.00166304 5.5048e-05 0.00117084 0.00124306 0.000893811 4.4615e-05 0.00506787 0.00512622 0.00101717 0.00021761 5.206e-06 0.000229068 0.0010154 0.000218017 2.1244e-05 0.000246143 315.077
4096 7.5e-08 0.0501753 0.00107062 5.4862e-05 0.0011311 0.00120177 0.000883398 4.4596e-05 0.00482935 0.00488721 0.00100301 0.000204136 4.856e-06 0.000215409 0.00102498 0.000200575 1.9732e-05 0.000226863 315.077
4096 7.8e-08 0.0691383 0.00131875 5.5521e-05 0.00113001 0.0012032 0.00101671 4.4609e-05 0.0047442 0.00480217 0.0010477 0.000204465 4.832e-06 0.000215862 0.000980164 0.000200648 1.9634e-05 0.000226828 315.077
4096 8e-08 0.0639736 0.00110644 5.5585e-05 0.00115241 0.00122514 0.00094028 4.4739e-05 0.00469714 0.00475492 0.00111695 0.00020841 5.074e-06 0.000219503 0.00102427 0.000205471 1.9653e-05 0.000231897 315.077
4096 7.7e-08 0.0598722 0.00118046 5.1343e-05 0.00115249 0.00122085 0.000884346 4.4558e-05 0.00469538 0.00475321 0.00115439 0.000200207 4.828e-06 0.000210863 0.00104706 0.000200543 1.9602e-05 0.000226258 315.077
4096 7.3e-08 0.0638504 0.0010241 5.1205e-05 0.00112904 0.00119582 0.000910431 4.4748e-05 0.0047018 0.00476016 0.00102713 0.000200241 4.863e-06 0.0002112 0.00101845 0.000200584 1.9682e-05 0.000226953 315.077
4096 8.2e-08 0.0603736 0.00111051 5.5942e-05 0.00116328 0.00123638 0.000947514 4.6773e-05 0.00474606 0.00480916 0.00101828 0.000215027 8.246e-06 0.000232147 0.00109697 0.0002056 1.9657e-05 0.00023215 315.077
4096 7.8e-08 0.0714231 0.00116701 5.1386e-05 0.00113275 0.0012 0.00100505 4.4579e-05 0.00469904 0.00475667 0.00108483 0.000204398 4.848e-06 0.000215975 0.00111125 0.000204809 1.9771e-05 0.000231736 315.077
4096 7.8e-08 0.0541016 0.000981778 5.1434e-05 0.0011283 0.00119487 0.000914096 5.906e-05 0.00469799 0.00477077 0.00101821 0.000200375 4.778e-06 0.000210849 0.00116291 0.000200647 1.9754e-05 0.00023904 315.077
4096 8.7e-08 0.0642472 0.00107209 5.1364e-05 0.00114263 0.00120973 0.00112793 5.9837e-05 0.00473032 0.00480411 0.00111784 0.000200341 4.865e-06 0.000211332 0.000966142 0.000200631 1.9769e-05 0.000227196 315.077
4096 7.8e-08 0.0665114 0.00131801 0.000101403 0.00233872 0.00247499 0.00116179 9.268e-05 0.00935854 0.00947529 0.00136692 0.000391 5.737e-06 0.000407259 0.00108297 0.000218255 2.163e-05 0.000247095 315.077
4096 8.3e-08 0.0596303 0.00118774 9.3213e-05 0.00145614 0.00157104 0.000945508 4.6719e-05 0.00471565 0.00477615 0.00106079 0.000204557 4.911e-06 0.000216266 0.00103332 0.000205037 1.9901e-05 0.000232307 315.077
4096 8e-08 0.0543097 0.00105999 5.1369e-05 0.00112978 0.00119661 0.000968861 4.6687e-05 0.00469046 0.0047502 0.00114109 0.000200346 4.93e-06 0.000211309 0.00108285 0.000221796 2.286e-05 0.000253451 315.077
4096 7e-08 0.0663032 0.000998595 5.1484e-05 0.00115641 0.00122473 0.000988279 4.4837e-05 0.0047433 0.00480176 0.0010514 0.000200262 1.6445e-05 0.000224485 0.00121495 0.000200682 1.9818e-05 0.000227193 315.077
4096 6.6e-08 0.0647549 0.0011068 5.1389e-05 0.00112902 0.00119598 0.000974459 4.476e-05 0.00471796 0.00477627 0.000994491 0.000200157 4.842e-06 0.000211172 0.00107589 0.000200484 1.9697e-05 0.000226697 315.077
4096 7.2e-08 0.0539817 0.00107789 5.5775e-05 0.00115206 0.00122704 0.000910611 4.7119e-05 0.00473821 0.00479917 0.00105249 0.000204733 4.889e-06 0.000216245 0.00107269 0.00023775 2.056e-05 0.000268639 315.077
4096 7e-08 0.063169 0.00108653 5.5511e-05 0.00112887 0.0012002 0.000872613 4.694e-05 0.00473042 0.00479319 0.00101154 0.000204329 4.847e-06 0.000215799 0.000971768 0.000200875 1.9682e-05 0.000227112 315.077
4096 8e-08 0.0537251 0.00115872 5.5366e-05 0.0011531 0.00122571 0.000963766 4.9368e-05 0.0047219 0.00478463 0.00101787 0.000205223 4.796e-06 0.000216298 0.00108818 0.000204274 1.9907e-05 0.000231199 315.077
8192 9.2e-08 0.108316 0.00123419 5.1387e-05 0.00226649 0.00233592 0.00113083 4.4696e-05 0.00945756 0.00951704 0.00134237 0.000214394 5.326e-06 0.000225479 0.00134701 0.000219259 2.1263e-05 0.000247218 585.143
8192 8.1e-08 0.118755 0.00128993 5.6355e-05 0.00224477 0.00231938 0.00123387 4.7097e-05 0.00945193 0.00951442 0.00133937 0.000214948 5.252e-06 0.00022586 0.0013793 0.000221484 2.1442e-05 0.000249813 585.143
8192 7.7e-08 0.107807 0.00178729 0.000101552 0.00333848 0.00346629 0.00116562 4.6892e-05 0.00944957 0.00951174 0.00137659 0.000214807 5.407e-06 0.000225953 0.00136534 0.000215439 2.1474e-05 0.000243643 585.143
8192 6.3e-08 0.116698 0.00141756 5.6138e-05 0.0022795 0.00235484 0.00117764 4.6852e-05 0.0098762 0.0099388 0.00199959 0.000446117 1.1034e-05 0.000468953 0.00191757 0.000447629 4.387e-05 0.000503401 585.143
8192 7.2e-08 0.104852 0.0013516 5.1945e-05 0.00229002 0.00236395 0.00126231 4.4867e-05 0.00947108 0.0095311 0.00164661 0.000281956 1.113e-05 0.000305645 0.00136546 0.000230225 2.3157e-05 0.000262559 585.143
8192 6.2e-08 0.100796 0.00119609 4.9548e-05 0.0022682 0.00233588 0.00110059 4.4756e-05 0.00942036 0.00948021 0.00144778 0.00021433 5.31e-06 0.000225488 0.00139557 0.00023401 2.3361e-05 0.000264483 585.143
8192 7.9e-08 0.109822 0.00126106 5.5858e-05 0.00228726 0.00236638 0.00125455 4.6738e-05 0.00938748 0.00944954 0.00132959 0.000214641 5.288e-06 0.00022566 0.00138374 0.000215606 2.1325e-05 0.000243352 585.143
8192 8e-08 0.101472 0.00168068 0.000108479 0.00468247 0.00482307 0.00160632 9.8739e-05 0.0125976 0.0127149 0.00160575 0.00023285 5.723e-06 0.000244928 0.00136974 0.00023386 2.3164e-05 0.000263972 585.143
8192 8.6e-08 0.119519 0.00173705 8.4622e-05 0.00439914 0.00451898 0.00172132 0.000117919 0.0116945 0.0118328 0.00159891 0.000267596 6.561e-06 0.00028136 0.00145853 0.000268639 2.6744e-05 0.000303148 585.143
8192 7.4e-08 0.115665 0.00149712 5.1546e-05 0.00230768 0.00237879 0.00117871 4.4946e-05 0.00972415 0.00978503 0.00147433 0.000233229 5.838e-06 0.000245568 0.00139816 0.000234307 2.3261e-05 0.000264665 585.143
8192 7.7e-08 0.112794 0.00127561 5.1436e-05 0.00226613 0.00233651 0.00120397 4.4727e-05 0.00942886 0.00948835 0.00132803 0.000214666 5.281e-06 0.000226013 0.00131841 0.000215554 2.1191e-05 0.000243178 585.143
8192 7e-08 0.111559 0.00128903 5.5582e-05 0.00226121 0.00233448 0.00117519 4.6478e-05 0.00944729 0.00950903 0.00133488 0.000231647 5.73e-06 0.000245681 0.00137176 0.000215665 2.1432e-05 0.000243484 585.143
8192 7e-08 0.11026 0.00117187 5.158e-05 0.0022695 0.00234013 0.00115011 4.4763e-05 0.00952495 0.00958448 0.00147852 0.000214681 5.32e-06 0.000226063 0.00132932 0.000215377 2.1447e-05 0.000242923 585.143
8192 7.9e-08 0.123342 0.00209284 0.000101868 0.00469277 0.00483311 0.0017692 9.2398e-05 0.0117078 0.01182 0.00170875 0.000267906 6.587e-06 0.000281568 0.00143265 0.000268957 2.6612e-05 0.000303099 585.143
8192 7.8e-08 0.116564 0.00187332 0.000101254 0.00380036 0.00392954 0.00117772 4.4958e-05 0.00938299 0.00944253 0.0014917 0.000214568 5.336e-06 0.000225778 0.001458 0.000215577 2.152e-05 0.000243805 585.143
8192 7.7e-08 0.111357 0.00193849 0.000101583 0.00469141 0.00482651 0.001647 9.2322e-05 0.0110345 0.0111457 0.00146536 0.000233341 5.781e-06 0.000245402 0.00143224 0.000234289 2.3246e-05 0.000264182 585.143
8192 6.9e-08 0.115651 0.00184677 0.000101891 0.00467863 0.00482002 0.00163695 9.235e-05 0.0106244 0.0107364 0.00161336 0.000233207 5.787e-06 0.000245764 0.00145611 0.000234345 2.3307e-05 0.000264876 585.143
8192 7.2e-08 0.103136 0.0017714 0.000101696 0.00470273 0.00483918 0.00160999 9.2361e-05 0.0165389 0.01665 0.00138841 0.000214351 5.39e-06 0.000225913 0.00133024 0.000215417 2.1525e-05 0.000243709 585.143
8192 7.3e-08 0.11141 0.00196657 0.000101291 0.00468156 0.00481582 0.00168493 9.2357e-05 0.0159163 0.0160279 0.00162021 0.000232847 5.728e-06 0.000244856 0.00153733 0.000234017 2.3201e-05 0.000264003 585.143
8192 7.3e-08 0.111376 0.0016123 0.000102549 0.00464833 0.00480954 0.00160889 9.2006e-05 0.0109435 0.0110541 0.00139392 0.00023283 5.74e-06 0.000244552 0.00132675 0.000233911 2.3126e-05 0.000263594 585.143
16384 8.1e-08 0.217442 0.00282012 0.000101973 0.00886568 0.00899863 0.00269961 9.995e-05 0.026403 0.0265262 0.00210582 0.000228006 5.652e-06 0.000239868 0.0019774 0.00022882 2.3176e-05 0.000258593 1092.27
16384 8.3e-08 0.208888 0.00286444 0.000102836 0.00959674 0.00973969 0.00261512 9.2745e-05 0.0268004 0.0269225 0.0020297 0.000227429 5.624e-06 0.000239269 0.00198268 0.000240712 2.3281e-05 0.000271168 1092.27
16384 9.1e-08 0.208526 0.00224891 5.2259e-05 0.0092188 0.00929951 0.00211792 6.9676e-05 0.0266478 0.0267372 0.00207457 0.000227575 5.692e-06 0.000239241 0.00201453 0.000228702 2.3101e-05 0.000258403 1092.27
16384 8.5e-08 0.215826 0.00271554 0.000102613 0.00932059 0.00946256 0.00253739 9.2852e-05 0.022683 0.0227982 0.0022033 0.000234697 5.701e-06 0.000246974 0.00196744 0.000228752 2.29e-05 0.000258266 1092.27
16384 8e-08 0.213815 0.00287785 0.000103952 0.00899439 0.00915593 0.0017526 4.7179e-05 0.0206441 0.0207104 0.00204344 0.000227806 5.689e-06 0.000239741 0.00196829 0.000228747 2.3299e-05 0.000258952 1092.27
16384 7.8e-08 0.221687 0.00289747 0.000104497 0.00897761 0.00912347 0.00236259 8.6245e-05 0.0268662 0.0269741 0.00213854 0.000227495 5.686e-06 0.000239161 0.00199254 0.000228813 2.3072e-05 0.000258161 1092.27
16384 9e-08 0.208301 0.00279128 0.000102379 0.00911538 0.00925458 0.00220093 7.0164e-05 0.0264226 0.0265214 0.00201426 0.000237747 5.808e-06 0.00025155 0.00195897 0.000228652 2.3111e-05 0.0002589 1092.27
16384 7e-08 0.210799 0.00276962 0.000104763 0.00768864 0.00783825 0.00258256 9.2794e-05 0.0277752 0.0278912 0.00208768 0.000238774 5.979e-06 0.00025193 0.00194396 0.000228584 2.3163e-05 0.000258018 1092.27
16384 7.9e-08 0.210689 0.00273894 0.000102882 0.0087127 0.00885472 0.00231929 8.6278e-05 0.0255109 0.0256234 0.00212394 0.000228195 5.612e-06 0.0002402 0.0022275 0.000228618 2.3134e-05 0.000258377 1092.27
16384 9.2e-08 0.208807 0.00244474 5.2954e-05 0.00718105 0.00726373 0.00229544 7.9538e-05 0.0278338 0.0279344 0.00204549 0.000233291 5.587e-06 0.000245434 0.00196703 0.000228778 2.3503e-05 0.00025872 1092.27
16384 7.1e-08 0.215747 0.00246283 5.2719e-05 0.00906932 0.00915681 0.00261525 9.9374e-05 0.0277163 0.0278377 0.00199045 0.000227739 5.596e-06 0.000239219 0.00196698 0.000228804 2.3244e-05 0.000258406 1092.27
16384 7.9e-08 0.209231 0.00286153 0.000102532 0.00897627 0.00911719 0.00231947 8.5981e-05 0.0270161 0.0271234 0.00203917 0.000227634 5.624e-06 0.000239178 0.00199972 0.000238918 2.3958e-05 0.000270004 1092.27
16384 6.7e-08 0.20306 0.00268653 0.000102011 0.00732253 0.00745549 0.00170324 4.891e-05 0.0216201 0.0216873 0.00202577 0.000261048 6.076e-06 0.000274982 0.00193753 0.000228646 2.288e-05 0.000258117 1092.27
16384 9.4e-08 0.204363 0.00277865 0.000101675 0.00565569 0.00578951 0.00182328 5.3582e-05 0.0214325 0.0215038 0.00215098 0.000227648 5.616e-06 0.000239289 0.00215964 0.00023822 2.3998e-05 0.00026911 1092.27
16384 7.2e-08 0.210856 0.00281396 0.00010306 0.00904872 0.00919211 0.00256567 7.4809e-05 0.0268757 0.0269722 0.00212784 0.000228366 5.606e-06 0.000240338 0.00206095 0.000254766 2.3518e-05 0.000287274 1092.27
16384 8.1e-08 0.211438 0.00273545 0.000102351 0.00761415 0.00775797 0.00179511 4.8978e-05 0.0217595 0.0218267 0.00208032 0.000227752 5.634e-06 0.000239763 0.00192113 0.000228687 2.3069e-05 0.000258585 1092.27
16384 7e-08 0.203113 0.00274128 0.000102138 0.00572627 0.00585947 0.0016046 5.1614e-05 0.0204422 0.0205119 0.00205784 0.000227911 5.609e-06 0.000239592 0.00212773 0.000228697 2.3097e-05 0.000258424 1092.27
16384 7e-08 0.20184 0.0027536 0.00010247 0.00610018 0.00623968 0.00164392 5.1572e-05 0.0203323 0.020402 0.00215918 0.000227715 5.594e-06 0.000240347 0.00205833 0.000228737 2.3e-05 0.000258614 1092.27
16384 6.2e-08 0.202856 0.00229985 0.000101784 0.00792878 0.0080629 0.00255081 0.000100117 0.0255793 0.0257015 0.002101 0.000234628 5.654e-06 0.000246479 0.00193063 0.000228598 2.2952e-05 0.000257904 1092.27
16384 9.6e-08 0.206301 0.00276112 0.000102445 0.00838853 0.0085339 0.0018465 5.6234e-05 0.0238492 0.0239242 0.00209187 0.00022792 5.67e-06 0.000239658 0.00208924 0.00022871 2.2893e-05 0.000258028 1092.27
32768 8.3e-08 0.409276 0.00476625 0.000103257 0.0146058 0.0147522 0.00240173 5.0804e-05 0.0404785 0.0405631 0.00330026 0.000246081 5.903e-06 0.000257927 0.00332348 0.000242166 2.4898e-05 0.000272969 2048
32768 7.4e-08 0.409516 0.00485029 8.9083e-05 0.0120171 0.0121492 0.00249991 5.1221e-05 0.0407939 0.0408797 0.00361326 0.000254779 6.219e-06 0.000267612 0.00325616 0.000242261 2.4899e-05 0.000274047 2048
32768 7.8e-08 0.406691 0.00491519 0.000104335 0.0135391 0.0136864 0.00253881 5.1617e-05 0.0406378 0.0407238 0.00340883 0.000253487 6.263e-06 0.000267068 0.00336268 0.000242314 2.5095e-05 0.000274508 2048
32768 7.9e-08 0.42159 0.00482224 0.000103744 0.0168171 0.016964 0.00261371 5.1404e-05 0.0406292 0.0407177 0.00342011 0.000245143 6.059e-06 0.000257378 0.00340155 0.000254279 2.6458e-05 0.000289742 2048
32768 6.9e-08 0.414075 0.00481033 0.000104013 0.0118381 0.0119846 0.00255079 5.1158e-05 0.0407707 0.0408583 0.0034223 0.000245328 5.959e-06 0.000257666 0.0032486 0.000242065 2.5137e-05 0.000273793 2048
32768 9.9e-08 0.402746 0.00473319 0.000103727 0.0143905 0.0145391 0.00275064 5.1385e-05 0.0422485 0.0423366 0.00344392 0.000244366 5.966e-06 0.000256326 0.00339201 0.000242072 2.5205e-05 0.000273742 2048
32768 8.5e-08 0.423774 0.00276159 5.1731e-05 0.00932343 0.00940908 0.00257358 4.7014e-05 0.0417443 0.0457973 0.00332546 0.000254677 6.147e-06 0.000267559 0.00320233 0.000262944 2.7235e-05 0.000297168 2048
32768 1.65e-07 0.419435 0.0027714 5.5714e-05 0.00900304 0.00909096 0.00263528 5.5714e-05 0.0420222 0.0421141 0.00601259 0.000504706 1.2159e-05 0.000528885 0.00596151 0.000502979 5.1195e-05 0.000566791 2048
32768 8.3e-08 0.402376 0.0172372 5.6112e-05 0.00932099 0.00941321 0.01437 5.3349e-05 0.0428088 0.0429018 0.0073665 0.000258295 6.225e-06 0.000271106 0.00324427 0.000252572 2.6657e-05 0.000286178 2048
32768 7.4e-08 0.41277 0.00275345 5.3066e-05 0.00934893 0.00943507 0.00259996 4.6745e-05 0.0420175 0.042097 0.00352011 0.000255259 6.25e-06 0.000267853 0.00337846 0.000252395 2.6393e-05 0.000285625 2048
32768 6e-08 0.409962 0.00283626 5.4439e-05 0.00943078 0.0095232 0.00249974 4.7138e-05 0.0422387 0.0423236 0.00335157 0.000256964 6.127e-06 0.000269703 0.00325438 0.000252411 2.6012e-05 0.000285665 2048
32768 6.8e-08 0.411055 0.00288893 5.4224e-05 0.00933855 0.00942444 0.00254952 4.7166e-05 0.0419675 0.0420481 0.00351056 0.000256654 6.175e-06 0.000269385 0.00327638 0.000252591 2.6174e-05 0.00028577 2048
32768 6.5e-08 0.409761 0.00281323 5.4149e-05 0.00935386 0.00944048 0.00253706 4.7155e-05 0.0421069 0.0421896 0.00338078 0.000256628 6.349e-06 0.000269908 0.00324607 0.000252043 2.6025e-05 0.000285283 2048
32768 7.4e-08 0.418429 0.00287011 5.4072e-05 0.00932239 0.00940855 0.00257736 4.7078e-05 0.0421646 0.0422493 0.00338148 0.000260593 6.285e-06 0.000275006 0.00316112 0.000251977 2.6377e-05 0.00028567 2048
32768 7.4e-08 0.412307 0.00281172 5.3945e-05 0.00932276 0.00941071 0.00257706 4.7015e-05 0.0424428 0.0425293 0.00340648 0.000257798 6.186e-06 0.000270657 0.00338766 0.000252271 4.004e-05 0.000301292 2048
32768 6.5e-08 0.426498 0.00282546 5.423e-05 0.00932153 0.00940755 0.00265099 4.7325e-05 0.0426061 0.042695 0.00346 0.000258312 6.302e-06 0.00027108 0.00324138 0.000252274 2.6364e-05 0.00028564 2048
32768 6.5e-08 0.415712 0.00273898 5.4443e-05 0.00933939 0.0269111 0.00260821 5.4566e-05 0.0428539 0.0429516 0.0034323 0.000258633 6.268e-06 0.000271871 0.00340571 0.000252411 2.7173e-05 0.000286584 2048
32768 6.7e-08 0.414127 0.00273466 5.434e-05 0.00932432 0.00941075 0.00247121 4.7086e-05 0.0429733 0.0430683 0.00337226 0.000257885 6.23e-06 0.00027106 0.00321471 0.000252071 2.6407e-05 0.000285518 2048
32768 7.6e-08 0.414545 0.00395078 5.4222e-05 0.00932491 0.00941129 0.00251626 4.6813e-05 0.0424922 0.0425793 0.00333188 0.000258123 6.14e-06 0.000270722 0.00327484 0.0002521 2.6256e-05 0.000284797 2048
32768 7.8e-08 0.410742 0.00277856 5.4195e-05 0.0093157 0.0094011 0.00265023 4.74e-05 0.042861 0.0429523 0.00357521 0.000258633 6.173e-06 0.000271283 0.00336881 0.00025206 2.646e-05 0.000285093 2048
65536 7.4e-08 0.819298 0.0047721 5.428e-05 0.0186665 0.0187685 0.00448766 4.814e-05 0.0840245 0.0841214 0.00588396 0.000272106 6.636e-06 0.000285219 0.0058671 0.000266926 2.7444e-05 0.00030126 3855.06
65536 7.1e-08 0.818372 0.00481962 5.4809e-05 0.0186309 0.0187295 0.00456637 4.8583e-05 0.0843164 0.0844165 0.00596319 0.000267817 6.595e-06 0.000281082 0.00601906 0.000266796 2.6725e-05 0.000300752 3855.06
65536 6.8e-08 0.825336 0.005031 5.2193e-05 0.0186279 0.0187204 0.00449099 5.1783e-05 0.084263 0.0843678 0.00615763 0.000268483 6.635e-06 0.000281461 0.00587839 0.000267271 2.687e-05 0.000300555 3855.06
65536 7.7e-08 0.820199 0.00472961 5.4777e-05 0.0186792 0.0187786 0.00453105 4.8653e-05 0.0843448 0.0844333 0.00584305 0.000267805 6.63e-06 0.000280758 0.00583288 0.000267409 2.7327e-05 0.000301756 3855.06
65536 7.3e-08 0.81706 0.00472689 5.4191e-05 0.0186503 0.0187482 0.00448329 4.7677e-05 0.084342 0.0844439 0.00594963 0.00026881 6.719e-06 0.000281992 0.00585744 0.000267068 2.7699e-05 0.000301744 3855.06
65536 8e-08 0.818737 0.00478076 5.2008e-05 0.0186928 0.0187858 0.00441171 4.7081e-05 0.0848212 0.0849194 0.00600192 0.000268503 6.722e-06 0.000281764 0.00578855 0.000266814 2.7897e-05 0.000301495 3855.06
65536 6.3e-08 0.818691 0.0049749 5.5817e-05 0.0188638 0.0189949 0.00468674 4.9176e-05 0.086458 0.0865684 0.0060397 0.000270053 6.779e-06 0.00028438 0.00608877 0.000270379 3.0746e-05 0.000309457 3855.06
65536 6.4e-08 0.823306 0.00500818 5.5691e-05 0.0188371 0.0189543 0.00465786 5.5216e-05 0.0871574 0.0872808 0.00619234 0.000269767 6.888e-06 0.000283832 0.00610791 0.000269381 3.128e-05 0.000308454 3855.06
65536 6.5e-08 0.820684 0.00467101 5.3135e-05 0.0187167 0.018811 0.00450727 4.6861e-05 0.0842179 0.0843032 0.00583416 0.000267316 6.56e-06 0.000280277 0.00598365 0.000267094 2.6989e-05 0.000301014 3855.06
65536 7.5e-08 0.817278 0.00464819 5.2861e-05 0.0186388 0.0187323 0.00443516 4.6814e-05 0.083867 0.0849895 0.00604352 0.000268326 6.764e-06 0.000282055 0.00582491 0.000267089 2.7606e-05 0.000302281 3855.06
65536 7.3e-08 0.821469 0.00474182 5.3801e-05 0.0186552 0.0187513 0.00448628 4.6898e-05 0.0846076 0.0846978 0.00604597 0.000272464 6.703e-06 0.000285977 0.00590304 0.000268002 2.7564e-05 0.000302688 3855.06
65536 6.9e-08 0.820154 0.00503334 5.7986e-05 0.0190407 0.0191741 0.00461795 4.787e-05 0.0839762 0.0840788 0.00620818 0.000268236 6.725e-06 0.000281814 0.00582134 0.000267846 2.8229e-05 0.00030364 3855.06
65536 6.8e-08 0.819715 0.0047645 5.4261e-05 0.0186343 0.0187421 0.00457296 4.7658e-05 0.0842979 0.0843953 0.00598316 0.000268981 6.626e-06 0.000282319 0.00589608 0.000267102 2.7744e-05 0.000301855 3855.06
65536 8.4e-08 0.822437 0.00472381 6.6235e-05 0.0189825 0.0191011 0.00495658 4.8997e-05 0.0838992 0.08401 0.00608829 0.000267457 6.536e-06 0.000280661 0.0058797 0.00026715 2.7368e-05 0.000301523 3855.06
65536 7.2e-08 0.818291 0.00481523 5.399e-05 0.0188064 0.0189061 0.00458327 4.7154e-05 0.0853512 0.0854471 0.00612439 0.000268782 6.653e-06 0.000281979 0.00591425 0.000267392 2.8036e-05 0.000302445 3855.06
65536 7.7e-08 1.26873 0.0050249 5.4412e-05 0.0187468 0.018847 0.00449165 4.7566e-05 0.0845043 0.0846069 0.00608452 0.000296932 7.05e-06 0.000313404 0.00601126 0.000267221 2.7666e-05 0.000301528 3855.06
65536 7.3e-08 0.817067 0.00468037 5.4371e-05 0.0186495 0.0187576 0.00452052 4.8361e-05 0.0844463 0.0845472 0.00604122 0.00026862 6.525e-06 0.000282337 0.00596608 0.000267011 2.7867e-05 0.000302101 3855.06
65536 6.3e-08 0.824106 0.00476 5.4879e-05 0.0187836 0.0188947 0.00481804 5.3117e-05 0.0845217 0.0846282 0.0060016 0.000328963 6.78e-06 0.000343778 0.00589155 0.000267009 2.8075e-05 0.000306461 3855.06
65536 7.2e-08 0.816974 0.00485835 5.4154e-05 0.0186709 0.0187687 0.0045996 4.7024e-05 0.0845933 0.0846933 0.00607735 0.000273417 6.774e-06 0.000286806 0.00607091 0.000272212 2.8189e-05 0.000308448 3855.06
65536 6.9e-08 0.818531 0.00489445 5.4295e-05 0.0186988 0.0187985 0.00450248 4.7584e-05 0.084386 0.0844876 0.00605169 0.000268407 6.69e-06 0.000281989 0.0059358 0.000267348 2.8117e-05 0.00030286 3855.06
131072 7.7e-08 1.64431 0.00910991 6.1939e-05 0.0374708 0.0376151 0.00873307 5.5779e-05 0.170399 0.170536 0.0112516 0.000283209 6.871e-06 0.000296848 0.0110868 0.00028131 2.9428e-05 0.000317898 7281.78
131072 8388608 6e-08 2.19649 0.00881881 5.4684e-05 0.037246 0.0373668 0.00818033 4.7608e-05 0.170436 0.170556 0.0115832 0.000282711 6.793e-06 0.000296987 0.0109184 0.000280924 2.9194e-05 0.00031763 7281.78
131072 7.7e-08 1.63555 0.00869777 5.4513e-05 0.0373078 0.0374287 0.00820273 4.7665e-05 0.168737 0.168864 0.0114441 0.000282655 6.944e-06 0.000296285 0.0111646 0.000281079 2.931e-05 0.000317296 7281.78
131072 7.1e-08 1.63175 0.0123021 5.4907e-05 0.0372449 0.037368 0.00839065 4.7332e-05 0.17021 0.170331 0.0114025 0.000282428 7.136e-06 0.000296397 0.0111446 0.000281554 2.9918e-05 0.000318971 7281.78
131072 7.3e-08 1.63318 0.00899395 5.4634e-05 0.0373651 0.0374917 0.00856392 4.9009e-05 0.168905 0.169033 0.0115166 0.000282611 6.902e-06 0.000296792 0.0111261 0.000281297 2.9885e-05 0.000318712 7281.78
131072 6.7e-08 1.63371 0.00904453 5.3644e-05 0.037252 0.0373685 0.00844755 4.758e-05 0.169646 0.169762 0.0112045 0.000281662 6.705e-06 0.000295531 0.011146 0.000281067 2.9403e-05 0.000317685 7281.78
131072 7.4e-08 1.62998 0.00892097 5.4761e-05 0.0372595 0.0373828 0.00884572 4.8806e-05 0.169203 0.169332 0.0113838 0.000282597 6.805e-06 0.000296096 0.0111321 0.00028117 2.9485e-05 0.000317606 7281.78
131072 7.5e-08 2.10624 0.0161753 7.2843e-05 0.0685093 0.0686614 0.0152537 6.5324e-05 0.273174 0.273325 0.0212989 0.000461559 1.1649e-05 0.000483455 0.0209794 0.000461513 4.6179e-05 0.000517779 7281.78
131072 1.19e-07 1.63298 0.0158361 6.9818e-05 0.0683626 0.0685258 0.0154246 6.5105e-05 0.274028 0.274177 0.0201258 0.000442261 1.1234e-05 0.000463765 0.0198016 0.000470075 5.1703e-05 0.000536186 7281.78
131072 6.7e-08 1.63232 0.008826 5.5359e-05 0.0373949 0.037522 0.00826094 4.8653e-05 0.169648 0.169776 0.0113939 0.00028293 6.804e-06 0.000297085 0.0111195 0.000283246 3.0004e-05 0.000320778 7281.78
131072 7.7e-08 1.63867 0.0158851 7.2198e-05 0.068308 0.0684581 0.015258 6.3185e-05 0.274271 0.274418 0.0211458 0.00046298 1.1549e-05 0.00048368 0.0209656 0.000460817 4.6603e-05 0.000516773 7281.78
131072 8.8e-08 1.63731 0.00912855 5.4538e-05 0.0373097 0.0374319 0.00843772 4.7782e-05 0.169223 0.169349 0.0114018 0.000282387 7.066e-06 0.000296536 0.0109488 0.000281201 2.9351e-05 0.000317253 7281.78
131072 6.9e-08 1.63709 0.00895438 5.5456e-05 0.0372687 0.0374072 0.00855464 4.8689e-05 0.169681 0.169806 0.0111663 0.000282627 6.993e-06 0.000296239 0.0110327 0.00028115 2.9892e-05 0.000317972 7281.78
131072 6.9e-08 1.6341 0.00870892 5.4062e-05 0.0373068 0.0374287 0.00833375 4.8046e-05 0.170967 0.171092 0.0217326 0.000462753 1.1579e-05 0.000484802 0.0209827 0.000459393 4.6962e-05 0.000516498 7281.78
131072 9.5e-08 1.63326 0.00880941 5.431e-05 0.0373425 0.0374716 0.00893438 4.8417e-05 0.17123 0.171358 0.0115239 0.000283256 6.955e-06 0.000297174 0.0118074 0.000281324 2.9347e-05 0.000317951 7281.78
131072 8.1e-08 2.26439 0.0158039 7.1879e-05 0.0652477 0.0654044 0.0151547 6.4498e-05 0.27924 0.27939 0.0208181 0.000485899 1.136e-05 0.000509724 0.0204203 0.000283175 3.2827e-05 0.000323232 7281.78
131072 6.4e-08 1.66517 0.0092202 5.519e-05 0.0373226 0.0374614 0.00848717 4.9497e-05 0.169826 0.169956 0.0113902 0.000282889 6.958e-06 0.00029648 0.0110277 0.000281216 2.9567e-05 0.000317684 7281.78
131072 7e-08 1.65644 0.0162709 7.2335e-05 0.0683844 0.0685494 0.0153054 6.5193e-05 0.276953 0.277098 0.0213103 0.00046293 1.1661e-05 0.000483691 0.0211839 0.000465805 4.6597e-05 0.00052234 7281.78
131072 9.1e-08 1.65633 0.0161166 7.2244e-05 0.0682936 0.068452 0.0153792 6.4437e-05 0.273708 0.273853 0.0216083 0.000450843 1.1179e-05 0.000471255 0.0112608 0.000282583 2.9163e-05 0.000318924 7281.78
131072 9.6e-08 1.63411 0.00868448 5.2726e-05 0.0372514 0.0373668 0.00857289 4.8578e-05 0.170474 0.170602 0.0113645 0.000282431 7.754e-06 0.000297348 0.0111671 0.000281113 2.9368e-05 0.000317919 7281.78
262144 7.4e-08 3.34022 0.0312564 7.3499e-05 0.136587 0.136849 0.0307725 6.4903e-05 0.544388 0.550017 0.0432934 0.000497507 1.181e-05 0.000519949 0.0427778 0.000503252 5.3936e-05 0.000568451 13797.1
262144 6.8e-08 3.36301 0.016839 5.5658e-05 0.0745645 0.0748002 0.0166668 4.8755e-05 0.338693 0.343117 0.0228566 0.000297681 7.251e-06 0.000312214 0.0223451 0.000298981 3.2401e-05 0.000339324 13797.1
262144 6.5e-08 3.35636 0.0312133 7.3192e-05 0.136854 0.137121 0.0310934 6.4631e-05 0.549166 0.554663 0.0429994 0.000487547 1.1919e-05 0.000509389 0.0426729 0.00048884 5.0998e-05 0.00055042 13797.1
262144 8.7e-08 3.37509 0.017328 5.6405e-05 0.0745247 0.0747675 0.0168759 4.8933e-05 0.337766 0.342071 0.0230312 0.00029748 7.393e-06 0.00031214 0.02217 0.000298697 3.232e-05 0.00033839 13797.1
262144 6e-08 3.37336 0.0178785 5.6759e-05 0.0747326 0.0749911 0.0169705 4.9971e-05 0.338508 0.342874 0.0231791 0.000297388 7.134e-06 0.000311926 0.0226347 0.000299587 3.2648e-05 0.000340116 13797.1
262144 7e-08 3.34335 0.0171549 5.6343e-05 0.0748806 0.0751515 0.0169795 4.93e-05 0.339211 0.343625 0.0231785 0.000297192 7.276e-06 0.000311426 0.022458 0.000299838 3.3404e-05 0.000341419 13797.1
262144 7e-08 3.3548 0.0171797 5.6232e-05 0.0746217 0.0748573 0.0170215 4.8634e-05 0.339671 0.344041 0.0232428 0.000297885 7.157e-06 0.000312825 0.0225181 0.000300396 3.2773e-05 0.000340963 13797.1
262144 6.7e-08 3.35285 0.0168442 5.5979e-05 0.0746632 0.0748963 0.0164157 4.8359e-05 0.340084 0.344398 0.0230804 0.000297788 7.313e-06 0.000312557 0.0225604 0.000299204 3.293e-05 0.000339518 13797.1
262144 7.5e-08 3.3651 0.0170867 5.7147e-05 0.0747776 0.0750207 0.0169362 5.0229e-05 0.33909 0.34344 0.0432534 0.000500248 1.1917e-05 0.00052401 0.0423353 0.000488121 5.1067e-05 0.000549249 13797.1
262144 8.1e-08 3.35138 0.0169162 6.0088e-05 0.0745587 0.0748154 0.0170428 4.9901e-05 0.338264 0.342315 0.0230661 0.000297288 7.2e-06 0.000311976 0.0228459 0.000301246 3.3631e-05 0.000342665 13797.1
262144 7e-08 3.36406 0.0170136 5.5961e-05 0.0744801 0.0747149 0.016691 4.9127e-05 0.340311 0.344635 0.0229188 0.000297712 7.13e-06 0.000312462 0.0224607 0.000299174 3.2973e-05 0.000340332 13797.1
262144 7.2e-08 3.34236 0.017005 5.5894e-05 0.074478 0.0747125 0.0166286 4.8449e-05 0.337322 0.341569 0.0230638 0.000304096 7.454e-06 0.00031929 0.0225833 0.000299196 3.289e-05 0.000340237 13797.1
262144 6.3e-08 3.39283 0.016982 5.6644e-05 0.0745409 0.0747798 0.0169022 4.9138e-05 0.338009 0.342323 0.0232256 0.000302832 7.321e-06 0.000318915 0.0220653 0.000299193 3.3163e-05 0.000340218 13797.1
262144 6.3e-08 3.36319 0.0175435 5.5573e-05 0.0751286 0.0753596 0.0173632 4.8361e-05 0.340992 0.34533 0.0230169 0.000298143 7.22e-06 0.000312232 0.0226968 0.00029951 3.2783e-05 0.000340258 13797.1
262144 6.3e-08 3.35071 0.0169594 5.6205e-05 0.074482 0.0747117 0.0167886 4.8966e-05 0.340533 0.344826 0.0230189 0.000296973 7.173e-06 0.000311818 0.0228231 0.000299109 3.5779e-05 0.000343081 13797.1
262144 6.5e-08 3.40805 0.0173972 5.6683e-05 0.0745669 0.0748189 0.017054 4.9543e-05 0.33932 0.343739 0.0241653 0.000297836 7.231e-06 0.000312435 0.0230111 0.000300094 3.3213e-05 0.000341407 13797.1
262144 7.4e-08 3.40244 0.0168538 5.6494e-05 0.0745289 0.0747751 0.0166009 4.9664e-05 0.338529 0.342764 0.0231864 0.000297678 7.211e-06 0.000312314 0.0222583 0.000298935 3.2514e-05 0.000339254 13797.1
262144 7.6e-08 3.34779 0.0168721 5.6419e-05 0.0745838 0.0748444 0.0168513 4.9727e-05 0.340512 0.346275 0.0239229 0.000304003 7.636e-06 0.000319655 0.0226191 0.000299928 3.3248e-05 0.000341798 13797.1
262144 6e-08 3.35525 0.0312441 7.4242e-05 0.136723 0.136987 0.0309062 6.5666e-05 0.550097 0.555525 0.0431059 0.000487879 1.2014e-05 0.000510316 0.0425843 0.000489218 5.0532e-05 0.000549812 13797.1
262144 7.9e-08 3.34399 0.0311898 7.3608e-05 0.136778 0.137041 0.0309604 6.5285e-05 0.55127 0.556717 0.043045 0.000487091 1.1931e-05 0.00050872 0.0423107 0.000481702 4.9902e-05 0.000542082 13797.1
524288 9.4e-08 8.65489 0.0331253 5.6903e-05 0.149305 0.149767 0.032976 5.0359e-05 0.685603 0.69449 0.0446068 0.000314279 7.762e-06 0.000330039 0.0447915 0.000312579 3.5348e-05 0.00035624 26214.4
524288 7.3e-08 8.68889 0.0341414 5.746e-05 0.14962 0.150123 0.0338915 5.109e-05 0.683867 0.693091 0.045013 0.000313798 7.555e-06 0.000329106 0.0447224 0.000313258 3.5239e-05 0.000356757 26214.4
524288 6.7e-08 8.6301 0.0338415 5.7301e-05 0.15011 0.150622 0.0348931 5.1832e-05 0.685521 0.694491 0.0447671 0.000313683 7.596e-06 0.00032907 0.0450279 0.000314348 3.752e-05 0.000359822 26214.4
524288 7.4e-08 8.62715 0.0337071 5.7024e-05 0.148963 0.149435 0.0341587 5.1322e-05 0.685103 0.694016 0.0445633 0.000313837 7.705e-06 0.000329262 0.0448067 0.00031422 3.6735e-05 0.000358469 26214.4
524288 7.7e-08 8.67682 0.0333997 5.6689e-05 0.149486 0.14998 0.0337852 5.0338e-05 0.686495 0.695718 0.0452171 0.000313851 7.743e-06 0.000329678 0.0443417 0.000314153 3.5911e-05 0.000359541 26214.4
524288 5.9e-08 167.778 0.524038 2.8091e-05 2.38744 2.39836 0.524366 5.3e-08 8.61734 0.0332632 5.6745e-05 0.148966 0.149463 0.0336582 5.0452e-05 0.682987 0.692137 0.0457228 0.00032067 7.973e-06 0.000336611 0.0447837 0.000313059 3.4916e-05 0.000356229 26214.4
524288 2.2672e-05 11.6131 11.6305 0.665379 7e-08 8.65563 0.0336631 5.7418e-05 0.148981 0.149471 0.0338255 5.0552e-05 0.680655 0.68939 0.0450854 0.00031352 7.575e-06 0.000328568 0.0444864 0.000316389 3.5076e-05 0.000359637 26214.4
524288 1.8746e-05 2.38977 2.41763 0.526265 6.8e-08 8.66068 0.0328652 5.7343e-05 0.149006 0.149525 0.0331495 5.0844e-05 0.682033 0.691225 0.0448513 0.000314563 7.611e-06 0.000330476 0.0442126 0.000313052 3.5842e-05 0.000357246 26214.4
524288 1.859e-05 10.1122 10.1283 1
8388608 6.8e-08 8.77557 0.0526631 6.8848e-05 0.229494 0.229994 0.0531239 6.2486e-05 0.942133 0.952322 0.0717279 0.00043942 1.1156e-05 0.000460132 0.0711371 0.000435541 4.6837e-05 0.000493076 26214.4
524288 8e-08 8.59578 0.0333012 5.73e-05 0.148984 0.149443 0.0335931 5.0897e-05 0.682202 0.690599 0.0443836 0.000313622 7.593e-06 0.000329068 0.0442973 0.000314048 3.5295e-05 0.000358095 26214.4
524288 7.3e-08 8.71979 0.0333652 5.7021e-05 0.14931 0.149823 0.0520389 6.2068e-05 0.943509 0.953627 0.0715418 0.000436703 1.112e-05 0.000462887 0.0709601 0.000439255 4.7907e-05 0.000497402 26214.4
524288 8e-08 8.84324 0.0333469 5.6969e-05 0.14938 0.149844 0.0340926 5.0644e-05 0.683608 0.6927 0.0449497 0.000333184 7.768e-06 0.000350522 0.0450971 0.000312989 3.5147e-05 0.000356505 26214.4
524288 6e-08 8.67642 0.0341237 5.7724e-05 0.149027 0.149579 0.0340887 5.0876e-05 0.685004 0.694162 0.0450967 0.000313688 7.591e-06 0.000329163 0.0451152 0.000314802 3.5693e-05 0.000358392 26214.4
524288 7e-08 11.2908 0.0612487 7.4654e-05 0.264981 0.265478 0.061674 6.6341e-05 1.11274 1.12385 0.0852584 0.000462935 1.2481e-05 0.000487514 0.0838333 0.00050317 5.445e-05 0.000568963 26214.4
524288 6.8e-08 8.67724 0.0334611 5.7999e-05 0.149116 0.149582 0.0335457 5.0773e-05 0.684862 0.694023 0.0449399 0.000314467 7.67e-06 0.000330488 0.0448057 0.000313169 3.5031e-05 0.000356984 26214.4
524288 7.1e-08 8.72496 0.0625417 7.4685e-05 0.273524 0.274036 0.062218 6.6846e-05 1.11245 1.12546 0.0860057 0.000518358 1.2945e-05 0.00054277 0.0853772 0.000512356 5.4229e-05 0.000576961 26214.4
524288 8.8e-08 8.58585 0.0642333 7.4944e-05 0.273847 0.274351 0.0620892 6.7005e-05 1.1092 1.12054 0.0860255 0.000513058 1.2764e-05 0.000536229 0.0849165 0.000512561 5.5134e-05 0.000578391 26214.4
524288 1.02e-07 8.65805 0.0620538 7.4997e-05 0.273613 0.274113 0.0620027 6.6836e-05 1.06103 1.07215 0.0806507 0.000491295 1.229e-05 0.000514397 0.0800339 0.000491157 5.2365e-05 0.000555021 26214.4
524288 8.3e-08 8.62724 0.0334452 6.6459e-05 0.149935 0.150425 0.0337369 5.0923e-05 0.683716 0.692648 0.0449481 0.000313688 7.629e-06 0.000329233 0.0443807 0.000313001 3.5473e-05 0.00035676 26214.4
524288 5.9e-08 9.64248 0.0341962 5.7635e-05 0.149402 0.149882 0.03408 5.0969e-05 0.687175 0.696357 0.0451619 0.000314566 7.714e-06 0.000330224 0.0448964 0.000313465 3.554e-05 0.000357021 26214.4
1048576 6e-08 19.3731 0.0658447 6.0285e-05 0.298213 0.299127 0.0649872 5.1417e-05 1.34733 1.36567 0.0910077 0.000327909 8.526e-06 0.00034456 0.0902995 0.000330974 3.6068e-05 0.000376021 49932.2
1048576 7.3e-08 19.3443 0.0654201 5.7674e-05 0.298361 0.299297 0.065882 5.134e-05 1.3517 1.3693 0.0896259 0.000326326 8.081e-06 0.00034223 0.0889381 0.000330878 3.5885e-05 0.000376075 49932.2
1048576 7.3e-08 174.674 0.525612 2.926e-05 2.38792 2.39857 0.519049 6.9e-08 19.3841 0.0669554 7.3009e-05 0.298405 0.299327 0.0658969 5.1191e-05 1.34616 1.36441 0.0893597 0.000327238 7.945e-06 0.000342772 0.0899637 0.000333138 3.6489e-05 0.000378574 49932.2
1048576 1.8866e-05 10.1266 10.1408 0.65564 1.837e-05 2.38733 2.39892 0.524448 1.9193e-05 10.1044 10.1153 1
8388608 6.8e-08 20.638 0.0664806 5.8903e-05 0.298937 0.29986 0.0644877 5.1362e-05 1.356 1.37632 0.0920367 0.000327025 7.986e-06 0.000344035 0.0886217 0.000332293 3.6345e-05 0.000377606 49932.2
1048576 7.6e-08 19.2387 0.0663658 5.8875e-05 0.298924 0.299853 0.0656689 5.122e-05 1.34653 1.36528 0.0889291 0.000327562 8.052e-06 0.000343375 0.0884967 0.000331732 3.578e-05 0.000376498 49932.2
1048576 6.3e-08 19.198 0.122574 8.3411e-05 0.547778 0.548756 0.121359 6.7204e-05 2.18384 2.20577 0.168532 0.000536454 1.3453e-05 0.000560685 0.167955 0.000536835 5.5265e-05 0.000603622 49932.2
1048576 8.5e-08 19.4304 0.121146 7.574e-05 0.547676 0.548857 0.120595 6.6523e-05 2.13957 2.16216 0.157773 0.000513551 1.2931e-05 0.000537567 0.15724 0.000514854 5.2978e-05 0.000580498 49932.2
1048576 8.3e-08 19.2742 0.0662624 5.8041e-05 0.299053 0.299974 0.0655879 5.086e-05 1.35823 1.37699 0.0891727 0.000326906 8.132e-06 0.000343222 0.0888181 0.000330969 3.5673e-05 0.000375331 49932.2
1048576 6.5e-08 19.4191 0.0660652 5.8485e-05 0.298341 0.299289 0.0657234 5.1572e-05 1.35104 1.36959 0.089386 0.000326439 8.048e-06 0.000342469 0.089271 0.000331818 3.6404e-05 0.000383043 49932.2
1048576 