1024 1.2e-07 0.0151584 0.000755118 3.5107e-05 0.000313059 0.000363147 0.000709464 2.6016e-05 0.00129138 0.00132887 0.000921364 0.000103012 0.000130956 0.000239741 0.000927418 0.000112597 0.000579235 0.000699978 2.30112
1024 8.4e-08 0.0145669 0.000754302 3.895e-05 0.000371078 0.00042758 0.000721563 2.9678e-05 0.00147768 0.00151978 0.000874024 0.000222421 0.00011285 0.000342317 0.000910814 0.000230648 0.000499145 0.000738613 3.1411
1024 7.8e-08 0.0147614 0.000885004 3.5062e-05 0.000363586 0.000414938 0.000778523 2.9701e-05 0.00145979 0.00150105 0.000918869 0.000205363 0.00011385 0.000326196 0.000928997 0.000214986 0.000513884 0.000737329 3.05672
1024 9e-08 0.0153838 0.000809786 3.0639e-05 0.000316647 0.000362017 0.000789919 2.6009e-05 0.00127533 0.00131249 0.000859355 0.00017883 0.000101585 0.000286623 0.000838597 0.000187163 0.00047149 0.000668078 2.98542
1024 7.9e-08 0.0163798 0.000742118 4.313e-05 0.000399466 0.000460146 0.000731856 3.3105e-05 0.00163621 0.00168282 0.000983464 0.00036358 0.000104309 0.000475361 0.000981604 0.000371348 0.000487812 0.000870484 3.79259
1024 7.4e-08 0.0159288 0.000730902 3.504e-05 0.000364002 0.000415577 0.000776932 2.9946e-05 0.00147361 0.00151657 0.00089031 0.000170583 0.000122339 0.000300295 0.000993953 0.000179746 0.000551037 0.000739487 2.84444
1024 7.8e-08 0.0163054 0.000854442 3.5181e-05 0.00036381 0.000415765 0.000781372 2.9753e-05 0.00146644 0.00150807 0.00095178 0.00019361 9.8182e-05 0.000298224 0.000908063 0.000201033 0.000435389 0.000644157 3.1411
1024 7.3e-08 0.0143339 0.000849766 3.0526e-05 0.00031351 0.000357753 0.000797834 2.9717e-05 0.00145946 0.00150116 0.000933925 0.000222392 0.000116358 0.000345783 0.00104848 0.000231566 0.000523453 0.000764869 3.04762
1024 7.8e-08 0.0141787 0.0008118 3.0599e-05 0.000348505 0.000397208 0.000719944 2.9781e-05 0.00146277 0.00150407 0.000883097 0.000222557 0.00011075 0.00034035 0.000915232 0.00022979 0.00049513 0.000733134 3.2
1024 9.2e-08 0.0158623 0.000908063 3.0599e-05 0.000323972 0.00037018 0.000747424 2.5988e-05 0.00127609 0.00131296 0.000848895 0.000103058 0.000135291 0.000244204 0.000945807 0.000112284 0.000594473 0.000715418 2.25055
1024 7.8e-08 0.0154773 0.000745702 4.3046e-05 0.000400422 0.00046117 0.000732761 3.2847e-05 0.00163541 0.0016816 0.000947769 0.000285532 0.000115173 0.000408249 0.000885085 0.000296013 0.000532826 0.000838717 3.36842
1024 1e-07 0.0179837 0.000808415 4.2832e-05 0.000397864 0.000458231 0.000694556 2.6017e-05 0.00128628 0.00132365 0.000826164 0.000148434 0.00011008 0.000264677 0.000937005 0.000155858 0.000492213 0.000656043 2.74531
1024 8.9e-08 0.0167505 0.000844948 4.3575e-05 0.000399345 0.000460928 0.000856181 3.2918e-05 0.00163499 0.00168141 0.000907559 0.000209638 0.000132045 0.000349555 0.000942794 0.000218205 0.000589554 0.000816532 2.92571
1024 9e-08 0.0153962 0.000838639 3.0838e-05 0.000316424 0.000361659 0.000837359 4.9068e-05 0.0024352 0.00250275 0.000865569 0.00014868 0.000127927 0.000284733 0.000926138 0.000155793 0.000502674 0.000667309 2.74531
1024 9.9e-08 0.0167885 0.000857376 3.494e-05 0.000363609 0.00041467 0.000816224 2.9752e-05 0.00146139 0.00150251 0.000889241 0.00017037 0.000127614 0.000304873 0.000927773 0.000180234 0.000580175 0.000770072 2.7234
1024 7.7e-08 0.0256941 0.000872456 5.797e-05 0.000599791 0.000682366 0.000815842 4.9057e-05 0.00244595 0.00251403 0.000989641 0.000253859 0.00021852 0.000483122 0.000918079 0.000271769 0.000969649 0.00125411 2.65974
1024 1.11e-07 0.0171812 0.000845895 3.5402e-05 0.000363798 0.000415311 0.000779475 2.9798e-05 0.00145865 0.00150025 0.000964696 0.000292807 9.9956e-05 0.000400236 0.000891146 0.000300013 0.000446713 0.000756317 3.56794
1024 1.27e-07 0.0207797 0.0008672 4.3503e-05 0.000449013 0.000511644 0.00084578 3.6797e-05 0.00183473 0.00188625 0.00104727 0.000299528 0.000157905 0.000469119 0.000926607 0.000216964 0.000450682 0.000676988 3.07508
1024 6.8e-08 0.0143686 0.000829603 3.5155e-05 0.000361795 0.000412657 0.000748118 2.9839e-05 0.00147202 0.00151444 0.000828626 0.00025742 0.000108034 0.000372716 0.00103636 0.000266854 0.000494912 0.00077177 3.23028
1024 8.2e-08 0.0169928 0.000808894 3.8913e-05 0.000399185 0.000455384 0.000889043 3.303e-05 0.00162783 0.00167333 0.001008 0.000286001 0.000117864 0.000412057 0.00101625 0.000296355 0.000541262 0.000848145 3.2926
2048 7.7e-08 0.0321394 0.000889288 2.9575e-05 0.000571628 0.000615544 0.000873414 2.4212e-05 0.00235718 0.00239324 0.00110734 0.000170728 0.000186073 0.000363514 0.00113505 0.000164509 0.000855382 0.00103002 3.06129
2048 8.4e-08 0.0333377 0.000827382 2.9367e-05 0.000589405 0.000635204 0.000934474 2.4123e-05 0.00233666 0.0023713 0.00110543 0.00026164 0.000153531 0.000421004 0.00112303 0.000264798 0.000683417 0.000956315 3.71688
2048 1.2e-07 0.0364333 0.00088514 2.9414e-05 0.000571088 0.000614998 0.000913588 2.7502e-05 0.00235299 0.00239211 0.00111235 0.000335407 0.000157262 0.000500904 0.00107639 0.000234439 0.000731989 0.000974853 3.53713
2048 6.5e-08 0.0322298 0.000949336 2.9616e-05 0.000587448 0.000632248 0.000832027 2.4206e-05 0.00234255 0.00237782 0.00118784 0.0002758 0.000151706 0.000434056 0.00117536 0.000277145 0.000688499 0.000973555 3.67684
2048 7.8e-08 0.0366823 0.000896753 3.3152e-05 0.000578809 0.000627297 0.000818344 2.4011e-05 0.0023624 0.00239842 0.00128415 0.000261915 0.000156632 0.000424961 0.00120358 0.000262557 0.000701574 0.00097224 3.63121
2048 7.4e-08 0.0297851 0.000925247 3.3174e-05 0.000569264 0.000617488 0.000829726 2.3986e-05 0.00237629 0.00241208 0.00118514 0.000206821 0.000168169 0.000380453 0.00108499 0.000205408 0.000761165 0.000974316 3.35188
2048 8e-08 0.0300156 0.000851341 2.9472e-05 0.00058093 0.000625483 0.000817283 2.3719e-05 0.00236217 0.0023978 0.0010632 0.000177912 0.000182372 0.00036601 0.00150098 0.000177721 0.00081717 0.00100328 3.08899
2048 9.6e-08 0.0303983 0.000857667 2.9382e-05 0.000579295 0.000623937 0.000858326 2.4086e-05 0.00237117 0.00240726 0.00108995 0.000220473 0.000161563 0.0003879 0.00111191 0.000219986 0.000743161 0.000972598 3.44202
2048 8.8e-08 0.0300817 0.000954016 2.9394e-05 0.000575648 0.000620031 0.00111679 4.9066e-05 0.00488593 0.00495571 0.00101352 0.000150525 0.000194718 0.000350779 0.00105654 0.000164405 0.000880478 0.00105459 2.88858
2048 1.15e-07 0.0300223 0.000934327 2.9243e-05 0.000575576 0.000619794 0.000904339 2.402e-05 0.00236593 0.00240163 0.00112593 0.000275796 0.000151687 0.000433677 0.00117538 0.000278328 0.000670106 0.000956582 3.74406
2048 7.8e-08 0.0298582 0.0009353 2.9326e-05 0.000576012 0.000620378 0.000864915 2.3794e-05 0.00236007 0.00239584 0.00108711 0.000163986 0.000188345 0.000358031 0.00102341 0.000165238 0.00086391 0.00103907 2.95527
2048 7.8e-08 0.0297467 0.00092783 2.9443e-05 0.000586436 0.000631439 0.000772418 2.5028e-05 0.00235077 0.00239011 0.00112536 0.000234565 0.000164935 0.000405631 0.00108032 0.000234686 0.000743862 0.000986409 3.45946
2048 8e-08 0.0298341 0.000802333 2.9347e-05 0.000576132 0.000620421 0.000855193 2.7777e-05 0.00235006 0.00238923 0.00101738 0.00018093 0.000181608 0.000368797 0.0010319 0.000177777 0.00082687 0.00101361 3.10303
2048 7.8e-08 0.0299394 0.000819946 2.936e-05 0.00058224 0.000626382 0.000918716 2.7536e-05 0.00234772 0.00238675 0.00112839 0.000220546 0.0001772 0.000409002 0.00106303 0.000219688 0.000747091 0.00097501 3.41333
2048 7.7e-08 0.030013 0.000982969 3.0639e-05 0.000572748 0.000618959 0.000939387 2.4056e-05 0.00236088 0.0023971 0.00112531 0.000177943 0.000179754 0.000363807 0.00116313 0.000177798 0.00080918 0.000995444 3.13629
2048 8.3e-08 0.0319861 0.000865992 2.9456e-05 0.000575668 0.000620016 0.00078257 2.4005e-05 0.00236293 0.00239886 0.00110688 0.000192405 0.000176696 0.000374888 0.00100965 0.000191961 0.000810303 0.00101236 3.20501
2048 7.8e-08 0.0295781 0.000915374 2.9421e-05 0.000580484 0.000624923 0.000818011 2.3819e-05 0.00235931 0.00239534 0.0010066 0.000206593 0.000170995 0.000383848 0.00104984 0.000205892 0.000784183 0.000999719 3.29791
2048 7.9e-08 0.0303924 0.000900938 3.5005e-05 0.000586743 0.000637194 0.000795963 2.3857e-05 0.00233451 0.00236889 0.00106544 0.000261843 0.000155762 0.000423611 0.00107772 0.000262516 0.000704633 0.000975135 3.65062
2048 7.7e-08 0.0301809 0.000971711 3.9583e-05 0.000722469 0.000779635 0.00094855 2.7733e-05 0.00236109 0.00240025 0.0011803 0.000207176 0.000166511 0.000379604 0.0010527 0.000205809 0.000753792 0.000967864 3.39073
2048 1.5e-07 0.0317961 0.000863183 2.9641e-05 0.000576551 0.000621067 0.00089751 2.5148e-05 0.00238717 0.00242452 0.000964855 9.4959e-05 0.000243461 0.000344567 0.000950171 9.5103e-05 0.00110717 0.00121242 2.27051
4096 7.8e-08 0.0560154 0.000969445 2.9181e-05 0.00113681 0.00118184 0.000863783 2.3737e-05 0.00481804 0.00485431 0.00154112 0.000234745 0.000327597 0.000568635 0.00140917 0.000234969 0.00158865 0.00183465 3.45072
4096 8.3e-08 0.0539738 0.00101873 2.956e-05 0.00113665 0.00118203 0.000988626 2.5739e-05 0.00504365 0.00508226 0.00161378 0.000270356 0.00034062 0.00061752 0.00154727 0.000270472 0.00155164 0.00183175 3.52799
4096 7.8e-08 0.0549344 0.00129322 5.7658e-05 0.00236431 0.00245292 0.00113995 5.5616e-05 0.00918172 0.00925417 0.00145826 0.000224525 0.000367692 0.000598551 0.00144722 0.000224556 0.00166922 0.00190321 3.26115
4096 7.4e-08 0.055063 0.000997697 2.9455e-05 0.00113605 0.00118163 0.000926996 2.4601e-05 0.00466608 0.00470344 0.00145581 0.00022088 0.000327792 0.000554677 0.0014756 0.000220527 0.00149335 0.00172256 3.37119
4096 8.3e-08 0.0556677 0.00098342 2.9468e-05 0.0011551 0.00120174 0.000900178 2.4494e-05 0.00466916 0.00470662 0.00152319 0.000347957 0.00030741 0.000662846 0.00168685 0.000348174 0.00139914 0.00175752 3.91587
4096 7.8e-08 0.0566192 0.0009721 2.9215e-05 0.00113514 0.00118118 0.000905436 2.3647e-05 0.00465142 0.00468786 0.00145743 0.000210889 0.00037799 0.000595201 0.00139763 0.000210896 0.00172862 0.00194974 3.17766
4096 7.3e-08 0.0535287 0.00121301 2.9433e-05 0.00113529 0.00118074 0.000915803 2.3687e-05 0.00468924 0.00472542 0.00136206 0.000179205 0.000363486 0.000548756 0.00139512 0.00019912 0.00164672 0.00185626 3.09599
4096 8.8e-08 0.0566292 0.00106257 2.9429e-05 0.00113641 0.00118202 0.000958906 2.3772e-05 0.00466297 0.00469928 0.00246284 0.000517583 0.00063904 0.00116916 0.00165103 0.000270955 0.00152299 0.00180321 3.60563
4096 9.3e-08 0.055472 0.00107228 2.9379e-05 0.00113544 0.00118028 0.000944764 2.36e-05 0.00465531 0.00469162 0.00166544 0.000320158 0.000284605 0.000611224 0.00158838 0.000320102 0.00133858 0.00166924 3.89354
4096 6.9e-08 0.0548688 0.00106108 2.9477e-05 0.00115457 0.00120254 0.000943046 2.7445e-05 0.00468288 0.00472345 0.00142671 0.000223821 0.000377055 0.000610271 0.00141255 0.000209668 0.00169971 0.00191898 3.24564
4096 7.8e-08 0.0563329 0.00100373 2.9318e-05 0.00113562 0.00118067 0.00122216 4.8714e-05 0.00966451 0.00973492 0.00137153 0.000177663 0.000382934 0.000569331 0.00131912 0.000164644 0.00169353 0.00186677 2.95527
4096 1.5e-07 0.0607302 0.00110252 3.3292e-05 0.00112948 0.00117864 0.000905099 2.3611e-05 0.00465987 0.00469626 0.00155345 0.000224115 0.000370054 0.000601146 0.00138717 0.000224252 0.00175036 0.00198461 3.29791
4096 7.9e-08 0.0559421 0.00105806 2.9468e-05 0.00114712 0.00119255 0.000898449 2.3715e-05 0.00467533 0.00471182 0.00148405 0.000276934 0.000297772 0.000580882 0.00156588 0.00029859 0.00135912 0.00166787 3.73042
4096 7.6e-08 0.0583862 0.00111374 2.9431e-05 0.00113715 0.00118251 0.000919739 2.3603e-05 0.004733 0.0047703 0.00162097 0.00031554 0.000318994 0.000641609 0.0015528 0.000315717 0.00145397 0.00177925 3.7786
4096 9e-08 0.0595131 0.00133186 5.7752e-05 0.00234354 0.00242852 0.00123124 4.8375e-05 0.00901221 0.00907715 0.0016261 0.000270212 0.000340344 0.000617569 0.00150217 0.000270218 0.0015511 0.00183056 3.53408
4096 7.8e-08 0.0555941 0.00102617 2.939e-05 0.0011476 0.00119274 0.000983936 2.3777e-05 0.00466283 0.004699 0.00147873 0.000150764 0.000391522 0.000548348 0.00135477 0.000150532 0.00178448 0.00194528 2.82678
4096 7.5e-08 0.0544318 0.00109396 2.9482e-05 0.00113568 0.00118132 0.00103717 2.3653e-05 0.00469477 0.00473194 0.00142955 0.000194967 0.000394884 0.000596562 0.0012396 0.000194708 0.00180127 0.00200635 3.10068
4096 8.3e-08 0.0585805 0.00104829 2.94e-05 0.00115546 0.00120204 0.000929829 2.7569e-05 0.004663 0.00470371 0.00141949 0.000122679 0.000440525 0.000571864 0.00127438 0.000122736 0.00189308 0.00202511 2.6307
4096 7.9e-08 0.055926 0.00105198 2.9502e-05 0.00113591 0.00118148 0.000992976 2.5653e-05 0.00503902 0.00507728 0.00135746 0.000178815 0.000400989 0.000586093 0.0014023 0.000179051 0.00181779 0.00200629 2.99415
4096 8e-08 0.0529283 0.00113696 2.9196e-05 0.00113559 0.00118098 0.000904603 2.3601e-05 0.00465438 0.00469041 0.00150657 0.000221185 0.000330055 0.000557379 0.00154673 0.000221062 0.00150732 0.00173885 3.39635
8192 7.9e-08 0.107751 0.00130363 3.378e-05 0.00224901 0.00230065 0.00124432 2.4762e-05 0.00951871 0.00955945 0.00236524 0.000255979 0.000689378 0.000952687 0.00227224 0.000255931 0.00314727 0.00341403 3.48744
8192 9.9e-08 0.106863 0.00119658 3.3522e-05 0.00227185 0.00232401 0.00118553 2.4938e-05 0.00964854 0.00968896 0.00253542 0.000333203 0.000632004 0.00097252 0.00242224 0.000332893 0.00290006 0.00324387 3.82983
8192 7.9e-08 0.108695 0.00125038 3.3358e-05 0.00226842 0.00232016 0.00114913 2.4617e-05 0.00929625 0.00933514 0.00252266 0.000289328 0.000668092 0.000964598 0.00232827 0.000289037 0.00307108 0.0033706 3.60246
8192 7.6e-08 0.107231 0.00120443 3.3676e-05 0.00227119 0.00232377 0.0011626 2.4626e-05 0.00932537 0.00936449 0.00240592 0.000319836 0.00057719 0.000903782 0.0023923 0.000319915 0.00262769 0.00295685 3.83521
8192 7.4e-08 0.10706 0.00126965 3.3454e-05 0.00224878 0.00229994 0.00112204 2.4644e-05 0.00935534 0.00939772 0.00246901 0.000389611 0.000552748 0.000949315 0.00260021 0.000390414 0.00248429 0.00288401 4.14575
8192 1.23e-07 0.109051 0.00117767 3.3469e-05 0.00227117 0.00232357 0.00122887 2.4755e-05 0.0096363 0.00967647 0.00246321 0.000347049 0.000628251 0.000982701 0.00252759 0.00034668 0.00284734 0.00320433 3.87146
8192 7.8e-08 0.104927 0.00134812 3.3927e-05 0.00224923 0.00230099 0.00181343 4.8629e-05 0.0171449 0.0172125 0.00327803 0.000574805 0.00126362 0.00185196 0.00412245 0.000591849 0.00575219 0.00636258 3.66041
8192 6.7e-08 0.111089 0.00134636 2.8504e-05 0.00226627 0.0023136 0.00126362 2.362e-05 0.00959909 0.00963774 0.00232083 0.000255797 0.000687809 0.000950673 0.00240781 0.000255303 0.00313541 0.00340144 3.49637
8192 9.3e-08 0.105987 0.00121757 3.3018e-05 0.00227993 0.00233145 0.00113762 2.4673e-05 0.00931003 0.00934915 0.00187762 0.000123169 0.000953512 0.00108289 0.00178123 0.000122923 0.00429802 0.0044328 2.61725
8192 7.8e-08 0.10563 0.00121795 3.346e-05 0.00227967 0.00233175 0.00113107 2.4755e-05 0.00988003 0.00992304 0.00255203 0.000357165 0.000624032 0.000990338 0.0025532 0.000347025 0.00286451 0.00322231 3.86415
8192 7.5e-08 0.111316 0.00143932 3.3396e-05 0.00228927 0.00234112 0.00120167 2.4698e-05 0.00956702 0.00960963 0.0022974 0.000269945 0.000676527 0.000953612 0.0023113 0.000270041 0.00310772 0.00338855 3.55556
8192 8.1e-08 0.106853 0.00139413 3.299e-05 0.00224951 0.00230004 0.00134483 2.4882e-05 0.00932013 0.00936223 0.00252074 0.000337958 0.00057157 0.000916909 0.00249885 0.000333392 0.00281455 0.00315961 3.94986
8192 7.8e-08 0.103348 0.00130189 3.3587e-05 0.00227482 0.00232682 0.0011444 2.4774e-05 0.00936598 0.00940598 0.00253981 0.0003463 0.000636093 0.000991641 0.00252502 0.000345947 0.00285348 0.00321026 3.90281
8192 7.8e-08 0.106874 0.00126025 3.3212e-05 0.00224957 0.00230033 0.00115663 2.3816e-05 0.00931902 0.00935726 0.00224528 0.000248699 0.000638214 0.000896027 0.00220942 0.000248992 0.00297463 0.00323513 3.57729
8192 7.5e-08 0.103582 0.00122939 3.3263e-05 0.00227631 0.00233083 0.00125903 2.4733e-05 0.00938071 0.00942094 0.00236198 0.000300616 0.000663503 0.000973361 0.00249373 0.000300439 0.00298435 0.00329552 3.69342
8192 7.4e-08 0.105449 0.00132578 3.3432e-05 0.00227046 0.00232268 0.00114413 2.4792e-05 0.00933853 0.00938059 0.00187364 0.000136358 0.000839572 0.000982418 0.0019512 0.000136543 0.00372772 0.003876 2.7072
8192 9e-08 0.104676 0.00120388 3.3342e-05 0.00226833 0.00231985 0.00110996 2.4995e-05 0.00935508 0.00939756 0.00234438 0.000255921 0.000696441 0.00095935 0.0023216 0.000255957 0.0031672 0.00343294 3.45217
8192 7.9e-08 0.105609 0.00136702 3.3265e-05 0.00226911 0.00232303 0.00127005 2.4752e-05 0.0099943 0.0100368 0.00253276 0.000316015 0.000640441 0.000963658 0.00242748 0.000316 0.00293625 0.00326268 3.75435
8192 7.9e-08 0.106421 0.00125316 3.3442e-05 0.00227579 0.00232842 0.00122963 2.4759e-05 0.00930706 0.00934625 0.00266782 0.000408188 0.000596821 0.00101253 0.00261406 0.000409827 0.00272545 0.00314593 4.10421
8192 7.6e-08 0.106279 0.00131768 3.3246e-05 0.00227364 0.00232561 0.001188 2.4855e-05 0.00931705 0.00935651 0.00215933 0.000248797 0.000627129 0.000882391 0.00220827 0.000249128 0.00286846 0.0031265 3.52344
16384 9.5e-08 0.206706 0.00186521 3.38e-05 0.00450559 0.00456126 0.00164499 2.4862e-05 0.0200165 0.0200589 0.00417286 0.000333513 0.0011432 0.00148432 0.00402884 0.000334668 0.00525549 0.00560196 3.93279
16384 8.3e-08 0.206494 0.00184308 3.4002e-05 0.00451207 0.00456721 0.00163034 2.5132e-05 0.0193304 0.019373 0.00382903 0.000238198 0.0014273 0.00167375 0.00486153 0.000253374 0.00653891 0.00680448 3.37954
16384 7.9e-08 0.203388 0.00196654 3.3967e-05 0.00451562 0.00457192 0.0016213 2.4981e-05 0.0201666 0.0202106 0.00431368 0.000391208 0.00112318 0.00152417 0.00434442 0.000388316 0.00499041 0.00538901 4.10627
16384 8.5e-08 0.209507 0.00195719 3.3436e-05 0.0045045 0.0045594 0.00175596 2.5126e-05 0.0199336 0.0199763 0.00381694 0.00021933 0.00132823 0.0015553 0.00356345 0.000221362 0.00606695 0.00630056 3.37536
16384 8.3e-08 0.208177 0.00187679 4.0537e-05 0.00451901 0.00458117 0.00166602 2.4878e-05 0.0195671 0.0196104 0.00487282 0.00049764 0.00112822 0.00163525 0.00484142 0.000497939 0.00512059 0.0056297 4.3679
16384 7.8e-08 0.205769 0.00177683 3.3658e-05 0.00450449 0.00456159 0.00172772 2.5062e-05 0.0198925 0.019935 0.00450713 0.000424844 0.00107517 0.00150842 0.00444732 0.000420232 0.00485982 0.00529113 4.2325
16384 7.8e-08 0.20552 0.00187288 3.3751e-05 0.00452066 0.00457623 0.00173879 2.5051e-05 0.0186387 0.0186807 0.0039159 0.000290893 0.00119704 0.00149565 0.00393801 0.000291961 0.00541054 0.00571434 3.7492
16384 8e-08 0.208394 0.00176517 3.3856e-05 0.00451514 0.00457275 0.00165002 2.4986e-05 0.0195884 0.0196309 0.00515223 0.000609108 0.00106867 0.00168804 0.00520956 0.000588488 0.00486072 0.00545983 4.60742
16384 7.8e-08 0.218811 0.00279762 5.7873e-05 0.00753831 0.00762575 0.00163067 2.5073e-05 0.0186938 0.0187362 0.00400244 0.000291695 0.00120027 0.00149973 0.00386396 0.000291602 0.00540192 0.00570548 3.74834
16384 6.9e-08 0.222089 0.00285925 5.8354e-05 0.00806634 0.00815437 0.00168272 2.5195e-05 0.0186815 0.0187243 0.00428489 0.000359857 0.00111727 0.00148525 0.00427518 0.000383226 0.00504956 0.00544498 4.03845
16384 7.4e-08 0.207694 0.00183808 3.4025e-05 0.00451094 0.00456785 0.00182137 2.4864e-05 0.018735 0.018778 0.00329219 0.000182247 0.00147966 0.00167176 0.00332133 0.000164851 0.00670266 0.00687857 2.99963
16384 8.1e-08 0.20947 0.00176751 3.3611e-05 0.00450654 0.00456331 0.00172474 2.4804e-05 0.0199326 0.0199749 0.004936 0.000459127 0.00103131 0.0014983 0.00453989 0.000458574 0.00469533 0.0051651 4.37373
16384 8.5e-08 0.205694 0.00174661 3.4162e-05 0.00450574 0.00456185 0.00172193 2.4977e-05 0.0199106 0.019954 0.00417818 0.00030834 0.00120512 0.00152273 0.00403279 0.000291816 0.00537914 0.0056813 3.75177
16384 7.8e-08 0.207129 0.00297066 5.8236e-05 0.00935281 0.00945112 0.00263791 5.6326e-05 0.0219167 0.021995 0.00472602 0.000458903 0.00102893 0.00149569 0.00458919 0.000458473 0.00468965 0.00515962 4.39721
16384 6.1e-08 0.206949 0.00190102 3.4203e-05 0.00450461 0.00456073 0.00180537 2.4957e-05 0.0192374 0.0192804 0.00465312 0.000424493 0.00119685 0.00162981 0.00464628 0.000421481 0.00541338 0.00584634 4.1073
16384 7.8e-08 0.20336 0.00177177 3.43e-05 0.00452919 0.00458654 0.00178293 2.5032e-05 0.0201437 0.0201881 0.00417333 0.000319873 0.00117166 0.00150141 0.00404618 0.000319289 0.00522412 0.00555472 3.88615
16384 8e-08 0.206161 0.00184751 3.4089e-05 0.00450484 0.00456114 0.00177801 2.4881e-05 0.0194444 0.0194874 0.00430588 0.000331694 0.0012806 0.00162056 0.00425039 0.000331027 0.00578124 0.00612412 3.81822
16384 7.9e-08 0.204955 0.00186229 3.4064e-05 0.00474965 0.004807 0.00176096 2.5353e-05 0.0188366 0.0188791 0.00470467 0.000482666 0.00114037 0.0016312 0.00490582 0.000484551 0.00516982 0.00566511 4.29801
16384 8.8e-08 0.215844 0.00276077 5.8232e-05 0.00935931 0.0094558 0.00273722 5.6201e-05 0.0258 0.0258799 0.00443282 0.000405385 0.00107667 0.0014902 0.00465713 0.000437947 0.00531402 0.00576354 4.1935
16384 7.5e-08 0.225555 0.00288216 5.8277e-05 0.00935701 0.00945402 0.00269456 4.8781e-05 0.0232263 0.0232971 0.00408876 0.000305223 0.00117517 0.00149074 0.0040006 0.000309327 0.00531985 0.00564077 3.81378
32768 7.9e-08 0.407698 0.00291854 3.1214e-05 0.00901534 0.00907637 0.00264001 2.4875e-05 0.0385918 0.0386452 0.00891444 0.000533918 0.00197503 0.00251868 0.00882851 0.00053483 0.009008 0.00955562 4.55807
32768 7.8e-08 0.408097 0.00496081 6.0257e-05 0.0186778 0.0187894 0.00455098 7.2597e-05 0.0371274 0.0372361 0.00913639 0.000556483 0.00197094 0.00253843 0.0091931 0.000589051 0.00966451 0.0102657 4.59193
32768 6.2e-08 0.407322 0.0028679 3.1152e-05 0.00897788 0.00903835 0.00262949 2.5118e-05 0.0385436 0.0385996 0.0080515 0.000404453 0.00216644 0.0025809 0.00797581 0.000406142 0.00981672 0.010235 4.17108
32768 7.5e-08 0.406212 0.00286257 3.1434e-05 0.0089933 0.00905312 0.00254886 2.4947e-05 0.037124 0.0371804 0.00674161 0.000258878 0.00260997 0.00288064 0.00656924 0.000272159 0.0123755 0.0126623 3.53637
32768 7e-08 0.405633 0.00289385 3.0972e-05 0.00900684 0.00906673 0.00267291 2.9364e-05 0.0386099 0.0386681 0.00725088 0.000303562 0.00240918 0.0027236 0.00722966 0.00029119 0.0108439 0.0111473 3.7432
32768 6.5e-08 0.406254 0.00293791 3.0884e-05 0.00909707 0.00915683 0.00259002 2.8731e-05 0.0381455 0.0382027 0.007377 0.000321085 0.00233587 0.0026675 0.00731744 0.000323483 0.0105397 0.010876 3.87008
32768 9.4e-08 0.403626 0.00271078 3.3349e-05 0.00898643 0.00904885 0.0026476 2.4873e-05 0.0383499 0.0384044 0.00874829 0.000490632 0.00202826 0.00252811 0.00871904 0.000528947 0.00997828 0.0105195 4.4317
32768 7e-08 0.405884 0.00284228 3.106e-05 0.00899286 0.0090534 0.00274055 2.5117e-05 0.0386418 0.0386974 0.00883926 0.000516777 0.00200847 0.00253492 0.00874879 0.000516083 0.00920796 0.00973626 4.49
32768 7.7e-08 0.422963 0.00481101 5.9561e-05 0.012543 0.0126422 0.00265762 2.5057e-05 0.0370823 0.0371363 0.00734603 0.000309999 0.00239341 0.00271318 0.00737794 0.000331006 0.0116145 0.0119579 3.7904
32768 7.9e-08 0.404082 0.00496613 5.9318e-05 0.0170023 0.0171023 0.00267562 2.4794e-05 0.0372946 0.0373499 0.00876747 0.000528182 0.00201453 0.0025538 0.0088292 0.000547487 0.00987919 0.0104387 4.48938
32768 9e-08 0.405395 0.00286176 3.1006e-05 0.00897977 0.00904029 0.00264402 2.5123e-05 0.0384196 0.0384775 0.00531834 0.00012598 0.00339781 0.00353506 0.00532867 0.000125493 0.0163599 0.0165012 2.59898
32768 6.3e-08 0.404264 0.00288298 3.0917e-05 0.0089853 0.00904602 0.00260639 2.8895e-05 0.0370814 0.0371388 0.00792275 0.000394739 0.0021847 0.00258899 0.0120587 0.000389204 0.00997242 0.010374 4.13581
32768 6.9e-08 0.410513 0.00292542 3.4023e-05 0.00909814 0.00916172 0.00259012 3.3468e-05 0.0371377 0.0372023 0.007239 0.000315471 0.00237351 0.00269944 0.0071408 0.000304889 0.0114474 0.0117658 3.8089
32768 8.2e-08 0.406275 0.00309305 3.1997e-05 0.00974833 0.00981042 0.00284052 3.0466e-05 0.0373747 0.0374333 0.00894168 0.00051822 0.00199326 0.00252087 0.00891283 0.000516591 0.00912566 0.00965491 4.52097
32768 7.8e-08 0.402723 0.00276874 3.0838e-05 0.00898955 0.00905003 0.00281276 3.0289e-05 0.0384331 0.0384915 0.00799305 0.000399 0.00215592 0.00256541 0.00777478 0.000389116 0.010605 0.0110071 4.11813
32768 7.6e-08 0.405606 0.00294034 3.3605e-05 0.008975 0.00903999 0.00259024 2.883e-05 0.0370845 0.0371434 0.00900772 0.000546928 0.00199319 0.00255112 0.00895796 0.000543327 0.00896 0.00951575 4.56824
32768 1.5e-07 0.410397 0.00286526 3.0671e-05 0.00898268 0.00904267 0.00257344 2.5026e-05 0.0370327 0.0370869 0.00930307 0.000586499 0.00190623 0.00250217 0.00964705 0.000637342 0.00951835 0.0101674 4.66581
32768 7.4e-08 0.43073 0.0049756 5.9304e-05 0.0130101 0.0131096 0.00254629 3.2548e-05 0.0370412 0.037111 0.00746909 0.000336275 0.00230448 0.00265081 0.00766903 0.000362353 0.0113032 0.0116777 3.93043
32768 7.5e-08 0.407191 0.00282097 3.4044e-05 0.00899013 0.00905242 0.00257018 2.9179e-05 0.0387392 0.0387988 0.00772216 0.000350793 0.00226819 0.00262808 0.00752551 0.000350327 0.0102855 0.0106488 3.97863
32768 7.4e-08 0.402745 0.00279957 3.055e-05 0.00899247 0.009052 0.0026239 2.5215e-05 0.0370113 0.0370658 0.00679702 0.00026393 0.00248758 0.00276122 0.00675966 0.000264902 0.0121372 0.0124163 3.60207
65536 7.4e-08 0.805952 0.0048952 3.0785e-05 0.0179399 0.0180128 0.00454313 2.4909e-05 0.0746194 0.074702 0.0176204 0.000574977 0.00396505 0.00455367 0.0175541 0.000557663 0.0179582 0.0185327 4.56125
65536 6.3e-08 0.805021 0.004913 3.0852e-05 0.0179385 0.0180113 0.00444514 2.5059e-05 0.0744159 0.0744985 0.0100156 0.000127695 0.00677373 0.00691668 0.00978675 0.000123158 0.0307442 0.0308939 2.59466
65536 7.2e-08 0.80692 0.00488466 3.1105e-05 0.0179707 0.0180443 0.00446346 2.4921e-05 0.0744014 0.0744828 0.0169003 0.000520069 0.00404472 0.0045779 0.0167581 0.000517511 0.0182392 0.0187738 4.51039
65536 8.7e-08 0.803665 0.00496391 3.126e-05 0.0179548 0.0180281 0.00444809 2.5019e-05 0.0745411 0.0746239 0.0190148 0.000687603 0.00373306 0.00443372 0.0190189 0.000688617 0.0168683 0.0175732 4.87039
65536 8.2e-08 0.805225 0.00486646 3.14e-05 0.0179382 0.0180114 0.00447958 2.4878e-05 0.0745042 0.0745867 0.0193049 0.000706525 0.00369759 0.00441605 0.0193875 0.000697347 0.016948 0.0176619 4.85776
65536 7.5e-08 0.804941 0.00498712 3.1315e-05 0.0179775 0.0180512 0.0044878 2.5303e-05 0.0745075 0.0745895 0.016122 0.000468507 0.00415217 0.00463379 0.0158993 0.000461247 0.0188352 0.0193148 4.35166
65536 7.9e-08 0.808642 0.00914838 6.0893e-05 0.0260649 0.0261854 0.00445691 2.5216e-05 0.0747917 0.0748741 0.0169228 0.000520337 0.00404827 0.00458083 0.0168009 0.000517429 0.018338 0.0188745 4.49801
65536 6.7e-08 0.810657 0.00905501 6.0977e-05 0.0182751 0.0183951 0.00449152 2.4925e-05 0.0745033 0.0745858 0.014973 0.000392868 0.00430533 0.00471034 0.0149422 0.000395229 0.0200233 0.0204353 4.12021
65536 7.7e-08 0.804142 0.00897462 6.0905e-05 0.0247358 0.0248559 0.00446126 2.4926e-05 0.0744569 0.0745374 0.0168056 0.000486343 0.00414067 0.00464065 0.0166017 0.000473178 0.0187307 0.0192221 4.39514
65536 8e-08 0.813351 0.00912746 6.0485e-05 0.0216399 0.0217605 0.00450492 2.5209e-05 0.0744788 0.0745633 0.0209524 0.000819195 0.00356517 0.00439677 0.0207033 0.000820886 0.0161338 0.0169721 5.0969
65536 6.5e-08 0.811245 0.00898503 6.0936e-05 0.0286434 0.0287639 0.00452997 2.5098e-05 0.0746377 0.0747209 0.016304 0.000469452 0.00416858 0.00465091 0.0160531 0.00050173 0.0187792 0.0192986 4.3589
65536 6.1e-08 0.808266 0.00782465 3.1429e-05 0.0179488 0.0180224 0.0044334 2.5395e-05 0.0746346 0.0747283 0.0147418 0.000379907 0.00433998 0.00473416 0.0146142 0.000376916 0.0199979 0.0203939 4.06803
65536 6.8e-08 0.814057 0.00908065 6.0965e-05 0.0180159 0.018136 0.00449015 2.4942e-05 0.074665 0.0747478 0.0147316 0.000378479 0.00435189 0.0047452 0.0145972 0.000377226 0.0201731 0.0205691 4.07309
65536 7.5e-08 0.806552 0.00477823 3.087e-05 0.0179772 0.0180527 0.00454733 3.3409e-05 0.0745486 0.0746395 0.020233 0.000777946 0.0035781 0.00436778 0.0201309 0.000772834 0.0164399 0.0172298 5.01577
65536 7.8e-08 0.805289 0.00500436 3.1216e-05 0.0179433 0.018017 0.0045603 2.5023e-05 0.0746085 0.0746915 0.0134301 0.000297058 0.00484205 0.00515296 0.013162 0.000296696 0.0216276 0.0219433 3.74213
65536 7.8e-08 0.801745 0.00492694 3.1138e-05 0.0179577 0.0180306 0.00455216 2.4906e-05 0.0744572 0.0745399 0.0184251 0.000621809 0.00386802 0.00450245 0.018221 0.00061964 0.0173433 0.0179784 4.69893
65536 6.7e-08 0.803313 0.00512505 3.1027e-05 0.0190582 0.019132 0.00483277 2.6368e-05 0.0747554 0.0748354 0.0180221 0.000595247 0.0038834 0.00449081 0.0176786 0.000586536 0.0177857 0.0183881 4.65388
65536 7e-08 0.805437 0.00495781 3.2694e-05 0.0179711 0.018053 0.0044096 2.4866e-05 0.0744869 0.074569 0.0157853 0.000453752 0.00410204 0.00456864 0.0156212 0.000450505 0.0191225 0.0195897 4.31243
65536 6.9e-08 0.804646 0.00511845 3.1104e-05 0.0194559 0.0195301 0.00461459 2.4757e-05 0.0745342 0.0746156 0.0122413 0.000225909 0.00524 0.00547904 0.012051 0.000221215 0.0241428 0.024388 3.37693
65536 8.6e-08 0.804515 0.00553847 3.0715e-05 0.0188604 0.0189348 0.00474144 2.6105e-05 0.0748337 0.0749131 0.017441 0.000567544 0.00392895 0.0045086 0.0173225 0.00055694 0.0178258 0.0183999 4.59483
131072 7e-08 1.60548 0.00890682 3.0727e-05 0.0358479 0.0359404 0.00821331 2.4202e-05 0.150427 0.150526 0.0359321 0.000633052 0.00768482 0.00833597 0.0355553 0.000633269 0.0347961 0.0354595 4.73594
131072 8.3e-08 1.60834 0.0114708 3.127e-05 0.0398721 0.0399655 0.00820583 2.4305e-05 0.150777 0.150877 0.0367902 0.000665573 0.00753836 0.00822135 0.0364426 0.000659837 0.0350936 0.0357845 4.78225
131072 1.55e-07 1.61037 0.00868736 3.1007e-05 0.0360139 0.0361096 0.00823595 2.4103e-05 0.150685 0.150784 0.034544 0.000577577 0.00765831 0.00825259 0.0344392 0.000578482 0.0354322 0.0360391 4.62825
131072 1.33e-07 1.60817 0.00899907 3.1643e-05 0.0376477 0.0377425 0.00829566 2.4308e-05 0.149776 0.149877 0.0331023 0.000534417 0.00816682 0.00871984 0.0329886 0.000545073 0.0363983 0.0369761 4.54307
131072 6.1e-08 1.60435 0.00896062 3.1203e-05 0.0358741 0.0359671 0.00817534 2.4067e-05 0.150566 0.150666 0.0358362 0.000634422 0.00764451 0.00829522 0.0355502 0.000638446 0.0349095 0.0355788 4.7211
131072 8.7e-08 1.60405 0.00879004 3.1218e-05 0.035864 0.0359572 0.00822626 2.4134e-05 0.15041 0.15051 0.0354773 0.000610897 0.00764971 0.00827798 0.0352939 0.000601569 0.0352326 0.0358629 4.65636
131072 1.42e-07 1.60453 0.00887082 3.1092e-05 0.0358646 0.03596 0.00814036 2.4233e-05 0.15068 0.150781 0.0298118 0.000367617 0.00890868 0.00929347 0.0277759 0.00036747 0.040625 0.0410269 4.031
131072 8e-08 1.61353 0.00878803 3.3818e-05 0.0358891 0.0359983 0.00812617 2.4146e-05 0.150373 0.150473 0.0364211 0.000646203 0.00759641 0.00825982 0.0361065 0.000649523 0.0342083 0.0348862 4.77824
131072 6.2e-08 1.60436 0.00889917 3.1024e-05 0.0359661 0.0360589 0.00827883 2.4267e-05 0.150499 0.150599 0.029664 0.000408973 0.008667 0.00909369 0.0293465 0.00040655 0.0394954 0.0399338 4.16803
131072 9.3e-08 1.60386 0.00864015 3.1484e-05 0.0360237 0.0361183 0.00826062 2.4304e-05 0.149822 0.149922 0.0305448 0.000438299 0.00857451 0.00903184 0.030479 0.00043306 0.0388158 0.0392829 4.24635
131072 7.1e-08 1.63246 0.0164396 3.1965e-05 0.0358765 0.0359724 0.00826948 2.7036e-05 0.150392 0.150493 0.0292298 0.000394386 0.00877048 0.00918285 0.0288891 0.000399303 0.0400634 0.0404949 4.12513
131072 7.7e-08 1.60287 0.00887584 3.1313e-05 0.0358813 0.0359753 0.00823255 2.4484e-05 0.150568 0.150669 0.0345659 0.000577848 0.00767692 0.00827268 0.0343372 0.000576097 0.0352996 0.0359061 4.63643
131072 7.4e-08 1.60637 0.00872901 3.1407e-05 0.0359725 0.0360654 0.00814449 2.4055e-05 0.150266 0.150365 0.0340115 0.000550297 0.0079418 0.00850979 0.0339011 0.000547995 0.0359332 0.036511 4.55934
131072 7.2e-08 1.60498 0.00876396 3.1304e-05 0.0359077 0.0360015 0.00813046 2.4185e-05 0.150579 0.150681 0.041304 0.000851867 0.00707867 0.00794746 0.04115 0.000845854 0.0324305 0.0333057 5.07579
131072 6.4e-08 1.61856 0.00881028 3.1258e-05 0.0359547 0.0360507 0.00822915 2.4111e-05 0.150293 0.150393 0.0305304 0.000436953 0.00858352 0.00903851 0.0302732 0.000432767 0.038873 0.0393353 4.24772
131072 6.7e-08 1.64578 0.01717 6.1395e-05 0.0383419 0.0384938 0.00824803 2.4319e-05 0.150407 0.150508 0.0292797 0.000394657 0.0088002 0.0092141 0.0290594 0.000390248 0.0398911 0.0403151 4.12552
131072 6.6e-08 1.60286 0.00934657 3.1689e-05 0.0358582 0.0359514 0.00850311 2.4153e-05 0.150654 0.150755 0.0373614 0.000673165 0.00756931 0.00825892 0.0372757 0.000680276 0.034263 0.0349706 4.80945
131072 6.8e-08 1.63878 0.00907345 3.1345e-05 0.0383666 0.0384701 0.0583508 2.8838e-05 0.157576 0.157684 0.0782087 0.000579727 0.00827778 0.0088784 0.0901096 0.000551404 0.0377431 0.038332 4.55807
131072 6.7e-08 1.76832 0.0781824 6.3301e-05 0.0409926 0.0411518 0.0120174 2.8468e-05 0.161601 0.161708 0.105518 0.000673007 0.00783268 0.00852388 0.152072 0.000664413 0.0367621 0.0374643 4.70433
131072 1.37e-07 1.69995 0.0665497 6.5845e-05 0.0380911 0.038268 0.0286432 5.5949e-05 0.157645 0.157788 0.0541258 0.000687538 0.00854407 0.00925593 0.141858 0.000704138 0.041329 0.042074 4.70045
262144 8.5e-08 3.57402 0.0221338 3.9043e-05 0.0764035 0.0766227 0.35119 3.0757e-05 0.307546 0.311513 0.14175 0.000548332 0.0159483 0.0165254 0.0792692 0.000552422 0.0764263 0.0770312 4.54819
262144 7.2e-08 3.3441 0.0253871 3.7698e-05 0.0745722 0.0747961 0.0749682 3.6743e-05 0.312456 0.316471 0.0976048 0.00064922 0.0166586 0.0173386 0.141274 0.000614077 0.0791847 0.0798573 4.64136
262144 1.5e-07 4.02864 0.0184153 4.0582e-05 0.0747602 0.0750003 0.0174523 3.225e-05 0.312969 0.317045 0.0729716 0.000617659 0.0163076 0.0169737 0.0723863 0.000619727 0.0788215 0.0794932 4.62547
262144 6.6e-08 3.38712 0.0175901 3.8568e-05 0.0748297 0.0750667 0.0176247 3.2503e-05 0.306457 0.313698 0.0743814 0.000623026 0.0154115 0.016062 0.0702882 0.000624661 0.073284 0.0739518 4.72119
262144 1.1e-07 3.26258 0.0267424 3.5428e-05 0.0717101 0.071925 0.0165058 2.5269e-05 0.299814 0.303741 0.0738665 0.000666985 0.0154237 0.0161178 0.0731141 0.000667255 0.0721004 0.0728122 4.77355
262144 6.8e-08 3.28561 0.0307435 3.5741e-05 0.0718584 0.0720639 0.0165209 2.6406e-05 0.311196 0.315262 0.0720351 0.000605489 0.0163276 0.0169634 0.0711035 0.000606906 0.0788383 0.0795091 4.60419
262144 7.9e-08 3.34386 0.0221082 3.5568e-05 0.071763 0.0719577 0.0165938 2.537e-05 0.300218 0.304115 0.071065 0.000626707 0.0155314 0.0161864 0.0721428 0.000625136 0.074372 0.0750449 4.67355
262144 7.3e-08 3.3076 0.0178526 3.9109e-05 0.0747141 0.0749621 0.01753 3.128e-05 0.313782 0.317982 0.0634221 0.000442379 0.0179533 0.0184435 0.0630367 0.00044526 0.0860962 0.0865909 4.20777
262144 8.3e-08 3.44437 0.0176598 3.8845e-05 0.0752769 0.0755116 0.0177661 3.1195e-05 0.335136 0.339355 0.0662816 0.000484275 0.017573 0.0181051 0.066452 0.000491789 0.0866257 0.0871761 4.31904
262144 7.2e-08 3.31539 0.0172416 3.6177e-05 0.0736792 0.0738749 0.0176002 2.7805e-05 0.301192 0.305151 0.0959472 0.000872235 0.0143801 0.0152792 0.083694 0.000871356 0.0671705 0.0680912 5.11301
262144 7.7e-08 3.32742 0.0299482 3.6239e-05 0.0723564 0.072555 0.0168067 2.6005e-05 0.303631 0.307569 0.0701091 0.000437431 0.0172473 0.0177142 0.0654008 0.000425197 0.0832015 0.0836717 4.20682
262144 7.5e-08 3.33519 0.0224539 3.6632e-05 0.0727215 0.0729261 0.0168524 2.6445e-05 0.304471 0.308522 0.0772319 0.000718174 0.0150707 0.0158162 0.0839478 0.000706716 0.0710329 0.0717836 4.85839
262144 1.4e-07 3.41016 0.0175941 3.8362e-05 0.0746821 0.0749178 0.0175736 3.2098e-05 0.313255 0.317634 0.0557264 0.000324498 0.0196982 0.0200703 0.0551087 0.00032828 0.0946473 0.0950332 3.80222
262144 6.7e-08 3.45296 0.0177448 3.8985e-05 0.0747122 0.0749474 0.0176683 3.1656e-05 0.313455 0.317632 0.077672 0.000688525 0.0157015 0.0164257 0.076959 0.000695443 0.0756593 0.076403 4.79608
262144 6.8e-08 3.26671 0.0235183 3.4222e-05 0.0717902 0.0719867 0.0172562 2.5326e-05 0.301871 0.305968 0.0706438 0.000563396 0.0158749 0.0164657 0.0696067 0.000566625 0.0747669 0.0753802 4.58302
262144 6.9e-08 3.26513 0.0210036 3.521e-05 0.0717436 0.0719382 0.0169643 2.6072e-05 0.301524 0.30563 0.0765489 0.00067619 0.0150622 0.0157662 0.0756285 0.000697216 0.0718954 0.0726406 4.80557
262144 6.2e-08 3.26849 0.0234179 3.5447e-05 0.0718058 0.0720083 0.0164496 2.6415e-05 0.299968 0.3042 0.0704619 0.000565566 0.0158254 0.0164187 0.0691559 0.000562738 0.0748391 0.0754496 4.57582
262144 7.7e-08 3.35511 0.0180884 3.8397e-05 0.0740648 0.074287 0.0263073 5.5622e-05 0.313959 0.318158 0.103033 0.000739206 0.0154741 0.0162591 0.0927743 0.000739046 0.0802841 0.0810759 4.83857
262144 7.3e-08 3.40199 0.0278277 9.0255e-05 0.0786287 0.0789079 0.02589 3.1527e-05 0.309151 0.313192 0.0774323 0.00049981 0.0183404 0.0188734 0.0711836 0.000541167 0.0971058 0.0977053 4.33031
262144 7.7e-08 3.44147 0.0179991 3.8383e-05 0.0747568 0.0749825 0.0174562 3.1754e-05 0.313242 0.317406 0.0752787 0.000650966 0.0160183 0.0167091 0.0742236 0.000649653 0.0768111 0.0775138 4.71949
524288 7.5e-08 8.51743 0.0350483 3.8731e-05 0.145267 0.14567 0.0337238 3.2847e-05 0.627843 0.637729 0.175887 0.000915416 0.0298353 0.0308083 0.178014 0.000919022 0.145178 0.146191 5.11775
524288 7.2e-08 9.09587 0.0579279 4.7717e-05 0.210914 0.211379 0.0594908 3.9503e-05 0.88957 0.900739 0.219412 0.000715636 0.0593159 0.0600873 0.214101 0.00072147 0.253685 0.254512 4.2909
524288 7.3e-08 8.48019 0.0344203 3.9178e-05 0.148756 0.149187 0.0345502 3.2768e-05 0.620712 0.629298 0.18177 0.00098193 0.0290862 0.0301204 0.179055 0.000985394 0.141245 0.142292 5.20566
524288 6e-08 8.5853 0.0427121 3.8365e-05 0.148405 0.148843 0.0461212 3.3836e-05 0.603912 0.612298 0.151075 0.000584586 0.0313697 0.0319992 0.137942 0.000583141 0.15136 0.152011 4.60686
524288 6.1e-08 8.35018 0.0344389 3.8048e-05 0.14432 0.144724 0.03329 3.1388e-05 0.600438 0.60882 0.170481 0.00087164 0.0282498 0.029162 0.167829 0.000878435 0.135004 0.135982 5.1237
524288 6.2e-08 8.27993 0.035231 3.7616e-05 0.143417 0.143829 0.0332298 3.0013e-05 0.599181 0.607493 0.173637 0.000927799 0.0278649 0.0288332 0.173474 0.00093636 0.133605 0.134605 5.19118
524288 7.3e-08 8.37611 0.0398881 3.8001e-05 0.144118 0.144531 0.0333395 3.0843e-05 0.600211 0.608557 0.135654 0.000553181 0.0321289 0.0327273 0.134344 0.000558416 0.152918 0.153545 4.5433
524288 1.53e-07 8.27931 0.0349232 3.9222e-05 0.144189 0.144604 0.0333348 3.101e-05 0.600127 0.6085 0.169949 0.000872818 0.0285663 0.0294805 0.169053 0.000884275 0.136267 0.137252 5.11595
524288 1.37e-07 8.2613 0.0347196 3.7658e-05 0.1436 0.144029 0.0332407 2.9604e-05 0.599981 0.608414 0.170616 0.000901254 0.0282331 0.0292077 0.169835 0.000909928 0.134704 0.135692 5.14114
524288 7.1e-08 8.34596 0.0344856 3.7359e-05 0.143456 0.143871 0.0331463 2.9682e-05 0.599468 0.607791 0.125693 0.00046473 0.0334869 0.0339982 0.124638 0.000469137 0.160685 0.161224 4.32817
524288 6.2e-08 8.33677 0.0347904 3.7863e-05 0.1435 0.143901 0.0330224 3.0769e-05 0.599347 0.607679 0.142689 0.000620957 0.0308037 0.0314667 0.141242 0.000627931 0.148269 0.148964 4.69027
524288 1.25e-07 8.31419 0.034948 3.6739e-05 0.143666 0.144073 0.035025 3.0679e-05 0.599443 0.607834 0.132312 0.00052142 0.0317102 0.0323124 0.130553 0.00052436 0.155179 0.155773 4.48075
524288 1.04e-07 8.26924 0.0345135 3.7933e-05 0.14371 0.144122 0.0348344 3.0086e-05 0.599655 0.60796 0.13611 0.000564696 0.031525 0.0321759 0.133904 0.000573308 0.152259 0.152899 4.57223
524288 7.9e-08 8.36301 0.0357996 3.7332e-05 0.143489 0.143896 0.033053 3.1369e-05 0.603988 0.612308 0.185891 0.00104604 0.0270522 0.0281743 0.183276 0.00105315 0.130883 0.131999 5.32072
524288 1.12e-07 8.38106 0.0346242 3.9821e-05 0.143736 0.144166 0.0331892 2.9966e-05 0.601392 0.609762 0.157572 0.000759979 0.0294692 0.0303101 0.154909 0.000768031 0.141009 0.141843 4.94178
524288 7.8e-08 8.29302 0.0346392 3.9931e-05 0.144024 0.144447 0.0346225 3.3379e-05 0.600869 0.60922 0.180819 0.000970752 0.0276506 0.0286616 0.178299 0.000984712 0.131631 0.132679 5.24524
524288 1.03e-07 8.50944 0.0348056 3.9008e-05 0.149645 0.150123 0.034636 3.3245e-05 0.627033 0.63542 0.143539 0.000606241 0.0328089 0.0334786 0.142776 0.000606716 0.15867 0.159346 4.59479
524288 8.7e-08 8.6738 0.034355 3.8876e-05 0.149552 0.149989 0.0347704 3.2821e-05 0.625356 0.634002 0.17391 0.000878596 0.0292914 0.0302518 0.172925 0.000884804 0.142672 0.143624 5.08065
524288 7.3e-08 8.63884 0.0367048 3.853e-05 0.149439 0.14991 0.0358512 3.2552e-05 0.627773 0.636269 0.190735 0.000997746 0.0289919 0.0300493 0.187803 0.00100059 0.141615 0.142682 5.21037
524288 7.7e-08 8.74895 0.0350061 3.7838e-05 0.143582 0.143987 0.033358 2.9542e-05 0.599584 0.607893 0.153578 0.000703554 0.0300191 0.0308024 0.14916 0.000711511 0.144626 0.145404 4.83415
1048576 7.3e-08 18.6378 0.0669311 3.8923e-05 0.286913 0.287774 0.0658419 3.1462e-05 1.19827 1.21503 0.284087 0.000610363 0.0623826 0.0631203 0.282299 0.000613284 0.300189 0.300951 4.66245
1048576 1.2e-07 18.702 0.0709124 3.895e-05 0.287677 0.289428 0.0690537 3.1696e-05 1.20058 1.21725 0.433494 0.00140762 0.0519576 0.0534636 0.43125 0.00141558 0.246852 0.248378 5.7043
1048576 7.2e-08 18.7085 0.0665242 3.9562e-05 0.287225 0.288067 0.064315 3.1456e-05 1.19892 1.21557 0.395414 0.0011752 0.0532266 0.0545084 0.389663 0.00118351 0.257031 0.258338 5.47128
1048576 7e-08 18.6321 0.0681221 3.8433e-05 0.289309 0.290185 0.0656526 3.1596e-05 1.20549 1.22223 0.350395 0.000930523 0.0559497 0.0569937 0.350407 0.000940676 0.269298 0.27037 5.18889
1048576 1.2e-07 18.746 0.0669595 3.9012e-05 0.288292 0.289134 0.0645113 3.1258e-05 1.20169 1.21844 0.352811 0.000976557 0.0558115 0.0568996 0.35245 0.000962167 0.267006 0.268097 5.22582
1048576 8.7e-08 18.7387 0.0713139 3.8951e-05 0.287415 0.288294 0.0639089 3.0996e-05 1.19894 1.21561 0.358282 0.000957501 0.055638 0.0566996 0.358791 0.00096211 0.267901 0.268995 5.22134
1048576 7.4e-08 18.7603 0.065522 3.9264e-05 0.286854 0.287908 0.0716678 3.1448e-05 1.19875 1.21577 0.34797 0.000923593 0.0570441 0.0580809 0.342748 0.000919977 0.269561 0.270614 5.17159
1048576 7.8e-08 18.7078 0.0670068 3.94e-05 0.28679 0.28766 0.064363 3.1302e-05 1.19768 1.21431 0.270117 0.00055048 0.0636703 0.0643532 0.271295 0.000553248 0.306953 0.307652 4.54444
1048576 7.7e-08 18.7763 0.0741751 3.8193e-05 0.287826 0.28867 0.0660252 3.156e-05 1.19811 1.21495 0.304504 0.000705478 0.058516 0.0593376 0.302515 0.000708488 0.288138 0.288989 4.85279
1048576 9e-08 18.8214 0.0673702 3.9683e-05 0.298622 0.299456 0.0664268 3.2847e-05 1.23077 1.24745 0.434241 0.00143293 0.0513209 0.052852 0.434355 0.00143388 0.242889 0.244439 5.73434
1048576 1.5e-07 18.6512 0.0667487 3.8803e-05 0.287364 0.288206 0.065801 3.1926e-05 1.19853 1.21522 0.363121 0.00101594 0.0549099 0.0560336 0.361555 0.00102261 0.265049 0.266198 5.29381
1048576 7.8e-08 18.634 0.0704249 3.9518e-05 0.286874 0.287743 0.0653443 3.1433e-05 1.19776 1.21472 0.291204 0.000649899 0.0612179 0.0619866 0.287461 0.000657587 0.292682 0.293483 4.74008
1048576 7.9e-08 18.6627 0.0666312 3.8612e-05 0.286919 0.28775 0.0640741 3.157e-05 1.19799 1.21464 0.286323 0.000636658 0.0612806 0.0620491 0.283545 0.000647967 0.296298 0.29709 4.71154
1048576 1.12e-07 18.6955 0.0666166 3.8763e-05 0.287746 0.288572 0.0641248 3.1049e-05 1.19779 1.21446 0.284046 0.000612072 0.062095 0.062831 0.280772 0.000613831 0.300689 0.301451 4.65124
1048576 6.8e-08 18.689 0.0709656 3.9025e-05 0.287012 0.287879 0.0640647 3.1458e-05 1.19735 1.21399 0.335642 0.000872967 0.0570003 0.0579849 0.33397 0.000878467 0.274959 0.275973 5.11982
1048576 6.7e-08 18.669 0.0676079 3.8229e-05 0.287286 0.288121 0.0651415 3.1545e-05 1.19836 1.21512 0.394203 0.0011877 0.0529852 0.0542747 0.39338 0.0011907 0.255876 0.257189 5.50122
1048576 1.25e-07 18.6193 0.0665699 3.8606e-05 0.286965 0.287791 0.0635689 3.1412e-05 1.19766 1.21439 0.284538 0.000623132 0.0618857 0.0626325 0.282592 0.000628597 0.300523 0.301304 4.68564
1048576 8.1e-08 18.7032 0.0716172 3.8899e-05 0.28695 0.287784 0.0640274 3.1518e-05 1.19916 1.21606 0.257008 0.000495415 0.0655601 0.0661941 0.254266 0.000497579 0.317691 0.318354 4.40103
1048576 9.1e-08 18.6816 0.066633 3.9652e-05 0.287098 0.287931 0.0639414 3.1702e-05 1.19825 1.21504 0.325394 0.000817409 0.0574503 0.0583814 0.322439 0.000832051 0.278195 0.279162 5.03837
1048576 1.02e-07 18.6732 0.0666289 4.3995e-05 0.286951 0.287827 0.0641029 3.1615e-05 1.19827 1.21501 0.289897 0.00064625 0.0612759 0.0620505 0.286772 0.000637503 0.296383 0.297164 4.71788
2097152 7.7e-08 39.183 0.138709 4.2413e-05 0.573782 0.57528 0.127015 3.3034e-05 2.3937 2.42623 0.685471 0.000903198 0.112645 0.113854 0.694585 0.0163774 0.531559 0.548251 5.15394
2097152 1.58e-07 39.1542 0.130785 4.1418e-05 0.573767 0.57528 0.127158 3.3324e-05 2.39397 2.42689 0.817674 0.00119104 0.106815 0.108253 0.814382 0.0143733 0.499235 0.513884 5.48856
2097152 7.8e-08 39.1392 0.130781 4.2058e-05 0.575336 0.576919 0.126882 3.3359e-05 2.39974 