1024 6e-08 0.0139605 0.00137416 5.1848e-05 0.000299847 0.000366071 0.000674882 4.6946e-05 0.00122616 0.00128354 0.000758137 0.000120106 0.000189261 0.000315058 0.00074544 0.000119719 0.000839002 0.000967419 1.52155
1024 6.9e-08 0.0133626 0.000914934 5.1147e-05 0.000298234 0.000362711 0.000664807 4.6935e-05 0.00122124 0.0012782 0.000804336 0.000120549 0.000189423 0.000315948 0.000830119 0.000120673 0.000837972 0.000967687 1.52155
1024 7.6e-08 0.0133781 0.000691962 5.1137e-05 0.000297926 0.000363989 0.000714681 4.6949e-05 0.0012159 0.00127326 0.000815806 0.000124197 0.000195258 0.000328121 0.00082782 0.000119793 0.000836319 0.000965174 1.52155
1024 7.5e-08 0.0132772 0.000670149 5.1393e-05 0.000298748 0.000363773 0.000631144 4.7093e-05 0.00121712 0.00127486 0.000771056 0.000126735 0.000189339 0.000322012 0.00084768 0.000119687 0.000841289 0.0009705 1.52155
1024 7.5e-08 0.0132799 0.000735934 5.5505e-05 0.000298466 0.000368987 0.000724264 4.6871e-05 0.00121707 0.00127416 0.000851957 0.000120273 0.00018969 0.000315748 0.000808181 0.000119521 0.000855181 0.000984603 1.52155
1024 7.6e-08 0.0132944 0.000660619 5.1293e-05 0.000299155 0.000364035 0.000628193 4.6842e-05 0.00121727 0.0012743 0.000728242 0.000120492 0.000189272 0.000315272 0.000776221 0.000119528 0.000836669 0.000964942 1.52155
1024 7.7e-08 0.013405 0.000670389 5.1067e-05 0.000297949 0.00036229 0.00071275 4.6829e-05 0.00121426 0.0012716 0.000855385 0.000119991 0.000193944 0.000320563 0.000771524 0.000119647 0.000839315 0.000968018 1.52155
1024 7.9e-08 0.0133852 0.000771018 5.1072e-05 0.000298039 0.000362927 0.000708859 4.6896e-05 0.0012132 0.00127015 0.000856502 0.000124812 0.000189542 0.000320807 0.000773909 0.000119558 0.000836126 0.000964306 1.52155
1024 6.9e-08 0.0133613 0.000712904 5.1479e-05 0.000298148 0.000363349 0.000705953 4.6964e-05 0.0012343 0.00129182 0.000796633 0.000120631 0.000189237 0.000315391 0.000724757 0.000119686 0.000837763 0.000966878 1.52155
1024 7.5e-08 0.0133394 0.000758002 5.139e-05 0.000297795 0.000362666 0.000678457 4.6989e-05 0.00121886 0.00127604 0.000764872 0.000120572 0.000189451 0.000315861 0.000769663 0.000119671 0.00084456 0.000973576 1.52155
1024 7.4e-08 0.0133162 0.000707518 5.1083e-05 0.000297942 0.000362612 0.000675901 4.6942e-05 0.00123687 0.00129412 0.000790248 0.000120419 0.000189281 0.000315441 0.000748001 0.000119539 0.000837319 0.000965615 1.52155
1024 7e-08 0.0133519 0.000699535 5.1199e-05 0.000298225 0.000364392 0.000673233 4.7068e-05 0.00121509 0.00127243 0.000773594 0.000120406 0.000189303 0.000315151 0.000894103 0.000123888 0.000839237 0.000972409 1.52155
1024 7e-08 0.0133457 0.00072342 5.1112e-05 0.00029867 0.000363442 0.000679246 4.6861e-05 0.00121556 0.00127286 0.000769051 0.000120345 0.000189303 0.000315204 0.000770473 0.000119616 0.000848343 0.000977804 1.52155
1024 7.6e-08 0.0134189 0.000694342 5.1176e-05 0.000298096 0.000363091 0.000669335 4.6925e-05 0.00121632 0.00127379 0.000764155 0.000120289 0.000189322 0.000315275 0.000740208 0.000119548 0.000835983 0.000964653 1.52155
1024 7.2e-08 0.0132955 0.000725745 5.1135e-05 0.000297828 0.000362162 0.000674364 4.6803e-05 0.00121589 0.00127301 0.000771511 0.000124609 0.000189349 0.00032044 0.000770968 0.000119519 0.000837352 0.000965893 1.52155
1024 8e-08 0.0131981 0.000690616 5.1053e-05 0.000298288 0.000363125 0.000670557 4.6901e-05 0.00121469 0.00127198 0.000821277 0.000120184 0.000189357 0.000315445 0.000853964 0.000119598 0.000839456 0.000968269 1.52155
1024 7.5e-08 0.0133322 0.000735946 5.1038e-05 0.00029797 0.000362491 0.000671328 4.6973e-05 0.00121574 0.00127295 0.000777516 0.000120254 0.000189261 0.000315228 0.000776738 0.000119607 0.000836975 0.000965495 1.52155
1024 7e-08 0.0135438 0.000770763 5.159e-05 0.000298066 0.000363731 0.000796482 4.6952e-05 0.00121607 0.00127379 0.000808078 0.000120552 0.000190962 0.000317483 0.000772582 0.000119441 0.000836764 0.000964987 1.52155
1024 7.6e-08 0.0133256 0.000726329 5.1382e-05 0.000297908 0.000363129 0.000753705 4.6932e-05 0.00121921 0.00127702 0.000854122 0.00012054 0.000189338 0.000315849 0.000773802 0.000119584 0.000837968 0.000969008 1.52155
1024 7.6e-08 0.0133706 0.00069197 5.1141e-05 0.000298032 0.00036277 0.000670496 4.7087e-05 0.00122083 0.00127956 0.000769709 0.000120447 0.000189807 0.000316447 0.000775045 0.000119868 0.000839489 0.000968325 1.52155
2048 7.5e-08 0.0267606 0.00137629 5.1137e-05 0.000589158 0.000654096 0.00075569 4.6524e-05 0.00244217 0.00249975 0.00126553 0.0003231 0.000280189 0.000609873 0.00118751 0.000324349 0.00125426 0.00158727 2.0666
2048 7.2e-08 0.0260567 0.000763821 5.1418e-05 0.000588987 0.000655176 0.000747059 4.665e-05 0.00243906 0.00249711 0.00123618 0.00032311 0.000284584 0.000615396 0.00121323 0.000324519 0.0012591 0.00159274 2.0666
2048 7.8e-08 0.026084 0.000726985 5.113e-05 0.000589153 0.000654771 0.000727095 4.6961e-05 0.00244244 0.00250066 0.00113407 0.000323114 0.000280326 0.000610356 0.0012312 0.000324309 0.00125476 0.00158816 2.0666
2048 7.8e-08 0.0261058 0.000749296 5.1155e-05 0.000588986 0.000654169 0.000746391 4.6708e-05 0.00244254 0.00250033 0.0011857 0.000323075 0.000280237 0.000609968 0.00117936 0.000324319 0.00125307 0.00158634 2.0666
2048 7.6e-08 0.0260913 0.000889472 5.1279e-05 0.000599501 0.000667759 0.000780248 4.7058e-05 0.00244427 0.00250253 0.00121885 0.000323065 0.000280313 0.000610158 0.00122721 0.000324519 0.00126765 0.00160213 2.0666
2048 7.6e-08 0.0261505 0.000804763 5.1205e-05 0.000589801 0.000655436 0.00074639 4.6438e-05 0.00244165 0.0024997 0.00121967 0.000323167 0.000280361 0.000610113 0.00122971 0.000328801 0.00125538 0.00159374 2.0666
2048 7.6e-08 0.0261786 0.000778401 5.1309e-05 0.000589161 0.000656325 0.000787189 4.6707e-05 0.00244283 0.00250211 0.00129927 0.000323235 0.000280244 0.000610681 0.00129675 0.000324892 0.00129378 0.00162847 2.0666
2048 7.5e-08 0.0261655 0.000821619 5.1517e-05 0.000588824 0.000655846 0.000797466 4.7156e-05 0.0024399 0.00249845 0.0012644 0.000327859 0.000280484 0.00061655 0.00120665 0.000324493 0.00126251 0.00159607 2.0666
2048 7.6e-08 0.0260447 0.000788285 5.124e-05 0.0005929 0.000659471 0.00074769 4.699e-05 0.00243249 0.00249029 0.00124033 0.000323621 0.000280475 0.000610573 0.00125543 0.000324413 0.00126784 0.00160201 2.0666
2048 7.1e-08 0.026155 0.000797884 5.1775e-05 0.000593494 0.000661095 0.00072204 4.7163e-05 0.00243397 0.00249241 0.00122955 0.000323312 0.000280361 0.000610462 0.0012337 0.000324447 0.00125526 0.00158863 2.0666
2048 7.7e-08 0.0262165 0.000770664 5.1952e-05 0.000589173 0.000655569 0.000755183 4.7674e-05 0.00243828 0.00249731 0.00132378 0.000324585 0.000283035 0.000614043 0.00122012 0.000324903 0.00127673 0.0016133 2.0666
2048 7e-08 0.0262318 0.000800369 5.1722e-05 0.000589132 0.000654893 0.00071904 4.6684e-05 0.00243736 0.00249505 0.00119669 0.000402158 0.000281154 0.000692283 0.0011712 0.000324407 0.00125467 0.00158809 2.0666
2048 7.5e-08 0.0263195 0.000896829 5.3955e-05 0.000594013 0.000668502 0.000738781 4.6937e-05 0.00245041 0.00250873 0.00121868 0.000323155 0.000280238 0.000610047 0.00116387 0.00032422 0.00125603 0.0015892 2.0666
2048 7.7e-08 0.0261461 0.000804801 5.1445e-05 0.000590003 0.000656654 0.000785123 4.6819e-05 0.00244097 0.00249914 0.00119189 0.000323647 0.000280308 0.000610285 0.00122278 0.000328861 0.0012534 0.00159139 2.0666
2048 7.5e-08 0.0261219 0.00078545 5.1347e-05 0.000588944 0.000654522 0.000754406 4.6945e-05 0.00244279 0.00250106 0.0012107 0.000323113 0.000283634 0.000613468 0.00122188 0.000328532 0.00125478 0.00159272 2.0666
2048 7.9e-08 0.026128 0.000769356 5.1264e-05 0.00058905 0.000654594 0.000750512 4.6693e-05 0.00243548 0.00249381 0.00118434 0.000323005 0.000283057 0.000613096 0.00118583 0.000324559 0.00125737 0.00159142 2.0666
2048 7.5e-08 0.0261566 0.000733927 5.1373e-05 0.000588994 0.000654974 0.000663983 4.639e-05 0.00243561 0.00249305 0.00115151 0.000323212 0.00028025 0.000610315 0.00119984 0.000324479 0.00125599 0.00158986 2.0666
2048 6.9e-08 0.0261824 0.00081462 5.1423e-05 0.000592641 0.000658308 0.000745939 4.6782e-05 0.00244261 0.00250096 0.00118027 0.000323162 0.000282085 0.00061174 0.0011992 0.000324927 0.00125565 0.00158956 2.0666
2048 7.8e-08 0.0261187 0.000840391 5.1082e-05 0.000588928 0.000657081 0.000736419 4.6577e-05 0.00244341 0.00250238 0.0012201 0.000323132 0.00028501 0.000615624 0.00117949 0.000324328 0.00125466 0.00158785 2.0666
2048 7.5e-08 0.0260693 0.000787472 5.1664e-05 0.000593205 0.000659992 0.00075261 4.6986e-05 0.00243052 0.0024885 0.0011935 0.000323552 0.00028027 0.000610438 0.00117517 0.000324374 0.00125459 0.00159387 2.0666
4096 7.6e-08 0.0523006 0.00168988 5.1679e-05 0.00117341 0.00124104 0.000849361 4.6586e-05 0.00486588 0.00492466 0.00195881 0.000398435 0.000541185 0.000946975 0.00187268 0.000400684 0.00244217 0.0028523 2.15126
4096 7.7e-08 0.051814 0.000911506 5.1776e-05 0.00117174 0.00123929 0.000924326 4.7128e-05 0.00491624 0.00497602 0.00189745 0.000397867 0.000556164 0.000962391 0.00194262 0.000400208 0.0024467 0.00285669 2.15126
4096 7.5e-08 0.0516323 0.000923391 5.1116e-05 0.00117086 0.00123688 0.000854112 4.6516e-05 0.00485832 0.00491798 0.00184871 0.000398319 0.000539864 0.000945455 0.00185327 0.000401001 0.00244699 0.00285814 2.15126
4096 7.6e-08 0.0518079 0.000917735 5.1235e-05 0.00117109 0.00123818 0.000846287 4.6543e-05 0.00485053 0.00490934 0.00186953 0.000398223 0.000539764 0.000945467 0.00187578 0.000411133 0.00243759 0.00285898 2.15126
4096 7.5e-08 0.0516331 0.000986126 5.1158e-05 0.00117568 0.00124297 0.00084405 4.645e-05 0.00484789 0.0049062 0.00193176 0.000398077 0.000546445 0.000951928 0.00189268 0.000400231 0.00253264 0.0029435 2.15126
4096 7.6e-08 0.0518688 0.000889316 5.1353e-05 0.0011709 0.00123754 0.000854159 4.6526e-05 0.00485832 0.00491747 0.0019083 0.000397451 0.000539726 0.000944616 0.0018595 0.000399228 0.00245224 0.00286192 2.15126
4096 7.7e-08 0.0516951 0.000866638 5.1283e-05 0.0011712 0.0012381 0.000893079 4.6533e-05 0.00485902 0.00491895 0.00216577 0.000398305 0.000540106 0.000945679 0.00187174 0.000399992 0.00244361 0.0028532 2.15126
4096 7.9e-08 0.0516859 0.000940553 5.1327e-05 0.00117191 0.00123888 0.000855642 4.6618e-05 0.00485081 0.00490959 0.00185935 0.00040391 0.000540261 0.000952914 0.00187281 0.000400323 0.00244644 0.00285687 2.15126
4096 8e-08 0.0517684 0.000950373 5.1506e-05 0.00117563 0.00124413 0.000846345 4.6895e-05 0.00485696 0.00491621 0.00192867 0.000401352 0.000539948 0.000949411 0.00184972 0.000400225 0.00244716 0.00285736 2.15126
4096 7e-08 0.0516679 0.0010141 5.1617e-05 0.00117167 0.00123957 0.000953891 4.6616e-05 0.00485342 0.00491275 0.00195129 0.000398308 0.00053967 0.000945435 0.00190215 0.000400194 0.00244024 0.00284983 2.15126
4096 8e-08 0.0521383 0.00103479 5.1316e-05 0.00117676 0.00124529 0.000884181 4.7301e-05 0.00485199 0.0049117 0.00191435 0.000398664 0.000539941 0.000946352 0.00186992 0.000400528 0.00244386 0.00285443 2.15126
4096 7.8e-08 0.0516455 0.00103579 5.1436e-05 0.00117115 0.00123816 0.000925793 4.6588e-05 0.00489021 0.00494953 0.00193841 0.000398164 0.00054036 0.000945931 0.0019158 0.000400941 0.00243978 0.00285047 2.15126
4096 7.5e-08 0.0514784 0.000979252 5.1662e-05 0.00117157 0.00123885 0.000846906 4.7024e-05 0.00485889 0.00491856 0.00192815 0.00039807 0.000540197 0.000945709 0.00189939 0.000400222 0.00243862 0.0028483 2.15126
4096 7.5e-08 0.0519563 0.00104693 5.1309e-05 0.00117104 0.00123861 0.000880704 4.6748e-05 0.00485349 0.00491238 0.00192701 0.000397928 0.000539605 0.000945037 0.00192154 0.000400337 0.00244866 0.00285903 2.15126
4096 7.6e-08 0.0517302 0.000984347 5.1112e-05 0.00117095 0.00123802 0.000845444 4.6517e-05 0.00485236 0.00491138 0.00189695 0.000398176 0.00054021 0.000945792 0.00191157 0.000400318 0.00245281 0.00286275 2.15126
4096 7.6e-08 0.0517453 0.000972143 5.1452e-05 0.00117199 0.00124051 0.000936611 4.674e-05 0.00485321 0.00491233 0.00186725 0.000402498 0.000539932 0.000951082 0.00186489 0.000400175 0.00244285 0.00285304 2.15126
4096 7.5e-08 0.0517256 0.000987573 5.137e-05 0.00117501 0.0012426 0.000892382 4.6538e-05 0.00485332 0.00491215 0.00194258 0.000398062 0.000540288 0.000946209 0.00192956 0.000404406 0.00243832 0.00285292 2.15126
4096 7.2e-08 0.0516907 0.00107764 5.2946e-05 0.00117098 0.0012393 0.000852011 4.7799e-05 0.00485379 0.00491397 0.00193252 0.000398232 0.000540153 0.000949493 0.00193859 0.000400034 0.00244731 0.00285678 2.15126
4096 8e-08 0.051827 0.000978465 5.1197e-05 0.00117159 0.0012384 0.000852563 4.657e-05 0.00490153 0.0049621 0.00186867 0.000424705 0.000551726 0.000985847 0.00185619 0.000400066 0.00245714 0.00286748 2.15126
4096 7.6e-08 0.0517346 0.00102572 5.1568e-05 0.00118012 0.00124835 0.000880273 4.6528e-05 0.00485436 0.00491323 0.00189526 0.000398188 0.000540382 0.000945586 0.00189707 0.000400195 0.00244342 0.0028531 2.15126
8192 8.1e-08 0.103559 0.0019985 5.1513e-05 0.00233825 0.00240842 0.001112 4.6656e-05 0.00973534 0.00979638 0.00271049 0.00032168 0.00121074 0.00154247 0.00267972 0.00031069 0.00523473 0.00555622 2.00196
8192 6.4e-08 0.103138 0.00125157 5.1746e-05 0.00233856 0.00240922 0.00106538 4.664e-05 0.00972769 0.00978917 0.00285452 0.000310554 0.00120345 0.00152305 0.00268494 0.000310712 0.00524644 0.00556825 2.00196
8192 6.9e-08 0.103434 0.00199621 5.1529e-05 0.00233871 0.00240887 0.00106453 4.645e-05 0.00975325 0.00981581 0.00280923 0.000310448 0.00121029 0.00152944 0.0027496 0.000310663 0.00526349 0.00558503 2.00196
8192 7.7e-08 0.102847 0.00132136 5.1687e-05 0.0023348 0.0024042 0.00111632 4.6545e-05 0.00973695 0.00979799 0.00280555 0.00031093 0.00120133 0.00151996 0.00276049 0.000311002 0.00527485 0.00559737 2.00196
8192 7.5e-08 0.103888 0.00125893 5.1711e-05 0.00234429 0.00241851 0.00117287 5.2236e-05 0.009729 0.00979632 0.00275866 0.000313342 0.00119991 0.00152096 0.0027742 0.000310326 0.00523733 0.00555822 2.00196
8192 7.5e-08 0.102831 0.00123735 5.1632e-05 0.00233832 0.0024077 0.00110734 4.6903e-05 0.00975419 0.0098152 0.0028657 0.000309802 0.00120486 0.00152337 0.00278419 0.000310816 0.00528835 0.00561123 2.00196
8192 7.7e-08 0.102951 0.00113163 5.1702e-05 0.00233808 0.0024086 0.00110162 4.8162e-05 0.00971658 0.00977918 0.00272542 0.000314585 0.00120075 0.00152425 0.00272676 0.000310451 0.00523985 0.00556156 2.00196
8192 8e-08 0.102577 0.00121184 5.1543e-05 0.00233926 0.00240908 0.00106113 4.6599e-05 0.00971383 0.00977536 0.0027161 0.000309958 0.0012037 0.00152301 0.00302877 0.000314611 0.00523293 0.00555839 2.00196
8192 7.5e-08 0.102795 0.00124888 5.2405e-05 0.00234262 0.00241394 0.00109692 4.6521e-05 0.00978404 0.00984506 0.00273458 0.00031001 0.00120376 0.00152225 0.00272603 0.000310395 0.00526175 0.00558386 2.00196
8192 7.5e-08 0.102859 0.00117519 5.1681e-05 0.0024104 0.00248023 0.00107167 4.6613e-05 0.00975766 0.00981842 0.00270352 0.00031108 0.00119957 0.00151867 0.00285055 0.000310204 0.00523538 0.00555666 2.00196
8192 7.5e-08 0.103439 0.00130643 5.184e-05 0.00233571 0.00240596 0.00107603 4.6685e-05 0.00971425 0.00977475 0.0027321 0.00031059 0.00120067 0.00151884 0.0027624 0.000310938 0.00525221 0.00557411 2.00196
8192 8.3e-08 0.103115 0.00122087 5.1478e-05 0.00235157 0.00242154 0.00109306 4.6842e-05 0.00971846 0.00977959 0.00275414 0.000315178 0.00119993 0.00152359 0.00273357 0.000310841 0.00528673 0.00560926 2.00196
8192 7.5e-08 0.10285 0.00121033 5.1878e-05 0.00233472 0.00240493 0.0011086 4.6434e-05 0.00972693 0.00978742 0.00277477 0.000310196 0.00120506 0.00152346 0.00273207 0.000310129 0.00524323 0.00556528 2.00196
8192 7.6e-08 0.102961 0.00124209 5.1682e-05 0.00233958 0.00241007 0.00118122 4.6568e-05 0.00976074 0.00982204 0.00285807 0.000310563 0.0012033 0.00152268 0.00274009 0.00031062 0.00525136 0.00557313 2.00196
8192 8.6e-08 0.10302 0.00117826 5.1492e-05 0.0023379 0.00240664 0.00109948 4.6813e-05 0.00987946 0.00994042 0.00272533 0.000310444 0.0011995 0.00151807 0.00277688 0.000310914 0.00523487 0.00555675 2.00196
8192 9e-08 0.102974 0.00118178 5.1397e-05 0.00234271 0.00241281 0.00109756 4.6855e-05 0.00979101 0.00985241 0.00276322 0.00031068 0.00120374 0.00152328 0.00272797 0.000310647 0.00525674 0.0055796 2.00196
8192 7.1e-08 0.102705 0.00117376 5.1486e-05 0.00233505 0.00240429 0.00114319 4.7014e-05 0.00994713 0.0100081 0.00285603 0.000310125 0.00119963 0.00151787 0.00268152 0.000310128 0.0052375 0.00555851 2.00196
8192 7.5e-08 0.102784 0.00117759 5.1773e-05 0.0023347 0.00240386 0.00111429 4.6468e-05 0.0097354 0.00979665 0.00274294 0.000310521 0.00120021 0.00151824 0.00272012 0.000310342 0.00523561 0.00555659 2.00196
8192 7.5e-08 0.103146 0.00116792 5.243e-05 0.00233528 0.00240679 0.00111669 4.72e-05 0.00984947 0.00991044 0.0027124 0.000311036 0.00119937 0.00151833 0.00271087 0.00031056 0.00531905 0.00564112 2.00196
8192 6.8e-08 0.103564 0.00122135 5.3759e-05 0.00233697 0.00241391 0.00106978 4.6563e-05 0.0097479 0.00980978 0.00272513 0.000310383 0.00119952 0.00151767 0.00268762 0.000310221 0.0052391 0.00556015 2.00196
16384 9.5e-08 0.205162 0.00252894 5.1958e-05 0.00466629 0.00474064 0.00159197 4.6991e-05 0.0212796 0.0213436 0.00577943 0.000410555 0.0021924 0.00261197 0.00560804 0.000413269 0.00982219 0.0102477 2.15239
16384 7.2e-08 0.205084 0.00171605 5.1763e-05 0.00466562 0.0047393 0.00162163 4.6995e-05 0.0213311 0.0213958 0.00574273 0.000410616 0.00218977 0.00260922 0.00563717 0.000413031 0.00981117 0.0102366 2.15239
16384 8.1e-08 0.206422 0.00181478 5.2217e-05 0.00466689 0.00474149 0.00158374 4.707e-05 0.021149 0.021213 0.00573893 0.000410868 0.00219111 0.00261071 0.00560117 0.000412961 0.00982373 0.0102486 2.15239
16384 9.1e-08 0.206234 0.0018405 5.2758e-05 0.00467561 0.00475153 0.00161361 4.6759e-05 0.0211337 0.0211977 0.00559033 0.000410957 0.00218442 0.00260447 0.00562973 0.000413392 0.00987631 0.0103022 2.15239
16384 7.8e-08 0.205091 0.00163665 5.2329e-05 0.00466574 0.00474122 0.0015698 4.6714e-05 0.0212699 0.0213353 0.00567037 0.000411032 0.00217568 0.00259639 0.00575194 0.000413193 0.00979392 0.0102194 2.15239
16384 7e-08 0.205118 0.00167598 5.1815e-05 0.00466731 0.00474021 0.00158285 4.6802e-05 0.0211676 0.0212315 0.00566253 0.000410621 0.00218227 0.00260197 0.00569697 0.00041307 0.00981841 0.0102445 2.15239
16384 7.4e-08 0.204417 0.00174576 5.2047e-05 0.00467697 0.0047519 0.00174852 4.6802e-05 0.0211967 0.0212631 0.00562141 0.000410903 0.00217673 0.00259663 0.00565183 0.000413491 0.00980101 0.010227 2.15239
16384 7.7e-08 0.206153 0.00170261 5.6564e-05 0.00466494 0.00474426 0.00157583 4.6826e-05 0.0211548 0.0212206 0.00571442 0.000410951 0.00217394 0.00259444 0.00565173 0.000412329 0.00980873 0.0102334 2.15239
16384 7.6e-08 0.207444 0.0017354 5.2314e-05 0.00466594 0.0047407 0.00157853 4.7084e-05 0.0211486 0.0212125 0.00568339 0.000414823 0.0021879 0.00261229 0.00562622 0.000422749 0.00994316 0.0103785 2.15239
16384 7.1e-08 0.205823 0.00167383 5.1925e-05 0.00469877 0.00477354 0.0015446 4.6842e-05 0.0214561 0.021521 0.00561381 0.000415253 0.00219553 0.00262067 0.00570152 0.00041304 0.00982699 0.0102519 2.15239
16384 8.5e-08 0.2051 0.00169214 5.1702e-05 0.00467401 0.00474895 0.00169693 4.6726e-05 0.0211677 0.0212324 0.005655 0.000411355 0.00217901 0.00259918 0.00562145 0.000413141 0.00980919 0.0102341 2.15239
16384 7.5e-08 0.20493 0.00171009 5.221e-05 0.00467019 0.00474546 0.00161672 4.6927e-05 0.0211705 0.0212354 0.00563945 0.000415284 0.00217968 0.00260554 0.00565487 0.000425213 0.00999715 0.0104367 2.15239
16384 7.7e-08 0.205652 0.00168787 5.625e-05 0.00467507 0.00475598 0.00155096 4.7173e-05 0.0212514 0.021317 0.00584898 0.000410549 0.0022039 0.00262483 0.00562605 0.0004134 0.00981791 0.0102441 2.15239
16384 6.8e-08 0.20568 0.00165664 5.2124e-05 0.00470652 0.0047815 0.00169959 4.6834e-05 0.0211427 0.021207 0.00562998 0.00041114 0.00219424 0.00261644 0.00556078 0.000413321 0.00981516 0.0102418 2.15239
16384 7.7e-08 0.205183 0.00168426 5.1906e-05 0.00467239 0.00474707 0.00161211 4.7102e-05 0.0211233 0.0211873 0.00560184 0.000410802 0.00217863 0.00259857 0.00564914 0.000412599 0.00979581 0.0102202 2.15239
16384 7.8e-08 0.205419 0.00170169 5.1981e-05 0.00466593 0.00474065 0.00170061 4.679e-05 0.0211817 0.0212467 0.00564054 0.000409853 0.00218441 0.00260526 0.00570543 0.000413174 0.0097869 0.0102126 2.15239
16384 7.6e-08 0.204416 0.00165136 5.2238e-05 0.00467062 0.00474544 0.00259796 4.681e-05 0.0211938 0.0212573 0.0055961 0.000410636 0.00219875 0.00261966 0.00561173 0.000413169 0.00983136 0.0102572 2.15239
16384 7.7e-08 0.2064 0.00188415 5.3712e-05 0.00475621 0.00483951 0.00157771 4.7285e-05 0.0211774 0.0212418 0.00561262 0.000421789 0.00217433 0.00260754 0.00560206 0.000417585 0.00979385 0.0102236 2.15239
16384 7e-08 0.205843 0.00182766 5.2274e-05 0.00467837 0.00475429 0.00163939 4.684e-05 0.0213103 0.0213775 0.00572855 0.000410842 0.00217828 0.00259934 0.00554234 0.000413149 0.00988696 0.0103126 2.15239
16384 7.3e-08 0.205741 0.0016663 5.1785e-05 0.00466837 0.00474169 0.00158234 4.6865e-05 0.0211387 0.021203 0.00562229 0.000410607 0.00218542 0.00260603 0.00567856 0.000413321 0.00980351 0.0102291 2.15239
32768 8e-08 0.410791 0.00342953 5.3304e-05 0.0093294 0.00941414 0.00254616 4.7274e-05 0.0421736 0.0422513 0.0106243 0.000399488 0.00439268 0.00480502 0.0105815 0.000399162 0.0196198 0.0200347 2.13333
32768 8.9e-08 0.4098 0.00283552 5.2564e-05 0.00932929 0.00941199 0.0025583 4.6764e-05 0.042121 0.0421985 0.0105626 0.000399185 0.00439406 0.00480622 0.0106186 0.000399083 0.0197609 0.0201786 2.13333
32768 7.5e-08 0.409018 0.00283179 5.2638e-05 0.00932602 0.0094096 0.00259899 4.6769e-05 0.0420973 0.042175 0.0106092 0.000398244 0.00439075 0.00480203 0.0106485 0.000398768 0.0196229 0.0200384 2.13333
32768 7.6e-08 0.410321 0.00284965 5.3226e-05 0.00932161 0.00940738 0.00256823 4.6868e-05 0.042279 0.04236 0.0107649 0.000398958 0.00438511 0.00479678 0.0106287 0.000398628 0.0195652 0.0199819 2.13333
32768 7e-08 0.40947 0.00275499 5.2957e-05 0.0093261 0.00940942 0.00254262 4.6857e-05 0.0422994 0.0423737 0.010723 0.000397861 0.00439071 0.0048011 0.0105786 0.000398483 0.0195894 0.0200047 2.13333
32768 7.6e-08 0.410155 0.00284676 5.3589e-05 0.00935265 0.00943939 0.00255137 4.699e-05 0.042277 0.0423544 0.0106888 0.000399461 0.00442114 0.0048346 0.0106059 0.000399027 0.0196282 0.0200449 2.13333
32768 7.6e-08 0.409016 0.00270178 5.4467e-05 0.00932023 0.00940518 0.00252156 4.6972e-05 0.0421913 0.0422719 0.0106985 0.000399114 0.0043872 0.00479981 0.0106259 0.000398641 0.0195529 0.01997 2.13333
32768 7.1e-08 0.409236 0.0028187 5.3407e-05 0.009328 0.00941228 0.0025617 4.6599e-05 0.0421588 0.0422378 0.0107095 0.000408808 0.00441995 0.00484178 0.0106761 0.000398206 0.0196123 0.0200271 2.13333
32768 7.5e-08 0.40904 0.00280443 5.3148e-05 0.00932735 0.00941114 0.00259928 4.6747e-05 0.0421471 0.0422283 0.0105989 0.000397512 0.00438795 0.00479787 0.0106734 0.000403479 0.0196363 0.020058 2.13333
32768 7.7e-08 0.409224 0.00276878 5.3183e-05 0.00932599 0.00940996 0.00262408 4.6839e-05 0.0424245 0.0425057 0.0106394 0.000398488 0.00438475 0.00479583 0.0105867 0.000398327 0.0195614 0.0199781 2.13333
32768 7.9e-08 0.409615 0.00267623 5.2922e-05 0.00932831 0.00941207 0.00244703 4.6636e-05 0.0421264 0.0422038 0.0105812 0.000398 0.00438527 0.00479608 0.0105194 0.000398249 0.0195769 0.0199924 2.13333
32768 1.12e-07 0.408771 0.0026685 5.3088e-05 0.00932329 0.00940626 0.00252505 4.6784e-05 0.0420435 0.0421197 0.0105828 0.000399016 0.0044177 0.00483044 0.010723 0.000398714 0.0196119 0.0200285 2.13333
32768 7.6e-08 0.408947 0.00271215 5.3403e-05 0.0093275 0.00941293 0.00259235 4.6812e-05 0.0422531 0.042333 0.0105014 0.000398772 0.00438423 0.00479621 0.0107708 0.000398209 0.0195833 0.0199991 2.13333
32768 7.8e-08 0.408879 0.00268556 5.2656e-05 0.00944172 0.00952382 0.0025197 4.7073e-05 0.0416775 0.041757 0.010683 0.000398927 0.00439595 0.00480789 0.0106566 0.000398543 0.0196494 0.0200658 2.13333
32768 7.5e-08 0.408712 0.00279513 5.361e-05 0.00944571 0.00953046 0.00246886 4.672e-05 0.0416747 0.0417514 0.0105941 0.000399124 0.00439191 0.0048039 0.0105311 0.000400055 0.0196635 0.0200809 2.13333
32768 7.5e-08 0.410437 0.00270465 5.2683e-05 0.00941427 0.00949641 0.00258001 4.6784e-05 0.042208 0.0422899 0.0106311 0.000399288 0.0043852 0.00479692 0.0105256 0.000398415 0.019686 0.0201022 2.13333
32768 7.6e-08 0.409218 0.00278641 5.3277e-05 0.00932706 0.00941057 0.00264502 4.6663e-05 0.042298 0.0423792 0.0105557 0.000400269 0.0043908 0.00480522 0.0104975 0.000402416 0.0197096 0.0201283 2.13333
32768 7.6e-08 0.410097 0.00288753 5.3779e-05 0.00937804 0.00946738 0.00250735 4.6946e-05 0.0421391 0.0422184 0.0105744 0.00039901 0.00441535 0.00482762 0.0106491 0.00039868 0.0195648 0.0199812 2.13333
32768 7.6e-08 0.409449 0.0027395 5.3258e-05 0.00933014 0.00941477 0.00259169 4.7092e-05 0.0421684 0.0422479 0.0106093 0.000402234 0.00439036 0.00480561 0.0105337 0.000398495 0.0195533 0.0199691 2.13333
32768 9.1e-08 0.410297 0.00273879 5.3312e-05 0.00935817 0.00944306 0.00257163 4.697e-05 0.0421575 0.0422363 0.0105535 0.000398642 0.00439052 0.00480268 0.0105188 0.000398365 0.0196381 0.020055 2.13333
65536 8.2e-08 0.818127 0.00541997 5.3949e-05 0.0186712 0.0187738 0.00453526 4.6971e-05 0.0842356 0.0843334 0.0184298 0.000342178 0.00922626 0.00958706 0.0186257 0.000340047 0.0411887 0.0415602 2.0349
65536 5.9e-08 0.818922 0.00474593 5.411e-05 0.0187175 0.0188161 0.00443802 4.6977e-05 0.0840777 0.084177 0.0185035 0.000345614 0.00926226 0.0096268 0.018342 0.00034504 0.0412387 0.0416183 2.0349
65536 8.3e-08 0.817731 0.00473884 5.3645e-05 0.0186519 0.0187488 0.00437914 4.7485e-05 0.0837992 0.0838981 0.0183218 0.000342789 0.00923103 0.00959244 0.0182512 0.000340135 0.0412146 0.0415871 2.0349
65536 7.5e-08 0.81785 0.00474732 5.4267e-05 0.0187362 0.0188343 0.00449651 4.7083e-05 0.0843732 0.0844747 0.0184199 0.000342036 0.0092297 0.00959018 0.0187255 0.000339907 0.0412244 0.0415965 2.0349
65536 7e-08 0.818771 0.00482786 5.4316e-05 0.0186375 0.0187351 0.00451296 4.6947e-05 0.0843017 0.0843998 0.0184199 0.000344936 0.00923456 0.00959818 0.0186692 0.00034031 0.0412438 0.0416188 2.0349
65536 7.8e-08 0.817512 0.00488818 5.4352e-05 0.0186414 0.0187388 0.00451038 4.7278e-05 0.0841519 0.0842506 0.0184967 0.000341489 0.00922151 0.00958167 0.0183847 0.000340016 0.041177 0.0415484 2.0349
65536 7.5e-08 0.817839 0.0049087 5.3868e-05 0.0188476 0.0189461 0.0044007 4.6948e-05 0.0844247 0.0845228 0.0184971 0.0003412 0.00922873 0.00958895 0.0184545 0.000340768 0.0412001 0.0415728 2.0349
65536 7.6e-08 0.817605 0.00474666 5.4148e-05 0.0186482 0.0187473 0.00441486 4.694e-05 0.0842756 0.0843766 0.0185536 0.000341757 0.00922807 0.009588 0.0183626 0.000340393 0.0412313 0.0416025 2.0349
65536 7.4e-08 0.831841 0.00472507 5.3719e-05 0.0187937 0.0188908 0.00461587 4.6884e-05 0.0839059 0.0840087 0.0185034 0.000346095 0.00922734 0.00959268 0.0183256 0.000340293 0.0412981 0.0416697 2.0349
65536 1.11e-07 0.817305 0.00485067 5.4089e-05 0.0186394 0.0187382 0.00441313 4.6929e-05 0.0841692 0.0842686 0.0183663 0.000341897 0.00931103 0.00967094 0.0181934 0.000340284 0.0412732 0.0416435 2.0349
65536 7.6e-08 0.818022 0.00477034 5.4241e-05 0.0187337 0.0188312 0.00453885 4.7038e-05 0.0845392 0.084638 0.0184581 0.000341728 0.0092382 0.00959834 0.018583 0.00034014 0.041295 0.0416693 2.0349
65536 8e-08 0.817901 0.00495119 5.4764e-05 0.0186243 0.0187221 0.00442951 4.7005e-05 0.0839144 0.0840119 0.0184552 0.000341226 0.00922486 0.00958371 0.0185455 0.000341139 0.0412105 0.0415859 2.0349
65536 8e-08 0.82161 0.00484355 5.4153e-05 0.0186463 0.0187462 0.00442227 4.7064e-05 0.0842235 0.0843221 0.0183862 0.000381641 0.00922424 0.00962743 0.0183051 0.000340347 0.0411595 0.0415307 2.0349
65536 8.1e-08 0.817713 0.00481609 5.3773e-05 0.0186984 0.0187955 0.00439865 4.6772e-05 0.0846675 0.0847675 0.0185005 0.000341668 0.00923851 0.00959898 0.0181582 0.000340089 0.0412818 0.0416525 2.0349
65536 7.6e-08 0.818539 0.00483851 5.4066e-05 0.0186284 0.018726 0.00442421 4.6843e-05 0.0845222 0.0846232 0.0183957 0.000341192 0.00922404 0.00958277 0.0183169 0.000340148 0.0412075 0.0415792 2.0349
65536 7.6e-08 0.818448 0.00483479 5.4283e-05 0.0186413 0.0187386 0.00451752 4.7023e-05 0.0842978 0.0843957 0.0183126 0.000341648 0.00927748 0.00963818 0.0184305 0.000340521 0.0412482 0.0416189 2.0349
65536 8e-08 0.818671 0.00479139 5.3817e-05 0.0186266 0.0187243 0.00442537 4.6928e-05 0.0846247 0.0847231 0.0185535 0.000341121 0.00922632 0.00958684 0.0184648 0.000339786 0.0411875 0.04156 2.0349
65536 6.5e-08 0.817522 0.00476185 5.4146e-05 0.0187119 0.0188105 0.00441544 4.7092e-05 0.0846731 0.0847739 0.0186064 0.000341948 0.00925279 0.00961452 0.0185722 0.000340172 0.0411822 0.0415538 2.0349
65536 8.5e-08 0.818024 0.00476406 5.4072e-05 0.0186279 0.0187251 0.00450418 4.6886e-05 0.0840476 0.0841473 0.0186129 0.00034144 0.00925838 0.00962415 0.0184033 0.000340736 0.0411519 0.0415206 2.0349
65536 7.6e-08 0.817166 0.00470453 5.4234e-05 0.0186927 0.0187892 0.0044605 4.69e-05 0.0844011 0.0844991 0.0184239 0.000341293 0.00924314 0.00960309 0.0183602 0.000340296 0.0412793 0.0416523 2.0349
131072 7.5e-08 1.63889 0.00963116 5.4603e-05 0.0372541 0.037372 0.00831561 4.7857e-05 0.169488 0.169613 0.0663245 0.00090825 0.0142598 0.0151926 0.0661062 0.000922681 0.0644218 0.0653898 2.66217
131072 7.9e-08 1.63493 0.0106637 6.265e-05 0.0372858 0.0374117 0.0082241 4.7147e-05 0.169112 0.169233 0.0664428 0.00090784 0.0143559 0.0152877 0.0660768 0.00091549 0.0645997 0.0655624 2.66217
131072 8e-08 1.63468 0.00888949 5.4086e-05 0.0375426 0.0376597 0.00823667 4.7474e-05 0.169508 0.169633 0.0656401 0.000907872 0.0142811 0.0152154 0.0654846 0.000914747 0.0643964 0.0653588 2.66217
131072 7.6e-08 1.63697 0.00881181 5.4159e-05 0.0372467 0.0373645 0.00811291 4.7104e-05 0.170131 0.170254 0.06637 0.000916137 0.0144456 0.015389 0.0660645 0.000915123 0.0645719 0.0655318 2.66217
131072 7.3e-08 1.64434 0.00884467 5.5169e-05 0.0375133 0.0376315 0.0082779 4.8261e-05 0.169398 0.169525 0.0659454 0.000930207 0.0143843 0.0153417 0.0654441 0.000914986 0.0644001 0.0653595 2.66217
131072 7.8e-08 1.63547 0.00881523 5.4593e-05 0.0372363 0.0373535 0.00818517 4.7149e-05 0.169614 0.169739 0.0659593 0.000907291 0.0143475 0.0152805 0.0661522 0.000923037 0.0643898 0.0653617 2.66217
131072 1.18e-07 1.6349 0.00875745 5.4139e-05 0.0374156 0.0375357 0.00833336 4.7468e-05 0.169068 0.16919 0.0659809 0.000907312 0.0142997 0.0152326 0.0657012 0.000915637 0.0644187 0.0653792 2.66217
131072 8.1e-08 1.63849 0.00891028 5.4634e-05 0.0375436 0.0376614 0.00821521 4.7131e-05 0.169521 0.169642 0.0656882 0.000911108 0.0142616 0.0151966 0.0653812 0.000914542 0.064432 0.0653912 2.66217
131072 7.5e-08 1.63455 0.0087444 5.4229e-05 0.0372449 0.0373672 0.00813716 4.7683e-05 0.169573 0.169697 0.0659041 0.000908077 0.0143259 0.0152592 0.0655271 0.00091564 0.0644901 0.0654546 2.66217
131072 7.6e-08 1.63719 0.0088499 5.4098e-05 0.0372354 0.0373537 0.00825079 4.7678e-05 0.169088 0.169212 0.0674906 0.00091278 0.0143503 0.0152909 0.0656526 0.000914597 0.0643554 0.0653152 2.66217
131072 7.4e-08 1.6344 0.00878882 5.4371e-05 0.0376786 0.0377975 0.00843017 4.7384e-05 0.169247 0.169371 0.0658234 0.000907714 0.0142632 0.015195 0.0656739 0.000914552 0.0645326 0.065491 2.66217
131072 7.7e-08 1.63454 0.00883698 5.4882e-05 0.0376507 0.03777 0.0082854 4.7435e-05 0.169352 0.169478 0.0658698 0.000908512 0.0142478 0.0151808 0.0656614 0.000932499 0.0644616 0.0654399 2.66217
131072 6.7e-08 1.63596 0.00890277 5.4096e-05 0.037289 0.0374098 0.0082303 4.7136e-05 0.169282 0.169404 0.0660058 0.000915553 0.0142953 0.0152353 0.0659719 0.000916593 0.0645941 0.0655554 2.66217
131072 7.5e-08 1.63546 0.0088221 5.3968e-05 0.0372525 0.037369 0.0081856 4.7656e-05 0.169301 0.169423 0.06601 0.000932622 0.0142496 0.0152067 0.0658265 0.000915748 0.0643521 0.0653164 2.66217
131072 8.2e-08 1.63466 0.00883355 5.4592e-05 0.0372558 0.0373754 0.00824433 4.7552e-05 0.169013 0.169136 0.0658103 0.000907884 0.0142999 0.0152318 0.0659466 0.000915215 0.0642737 0.0652381 2.66217
131072 7.9e-08 1.63393 0.00881779 5.4187e-05 0.03723 0.0373474 0.00809428 4.7568e-05 0.169002 0.169125 0.0658468 0.000907617 0.0143883 0.0153205 0.065698 0.000918589 0.0646603 0.0656243 2.66217
131072 8e-08 1.63989 0.00874512 5.4517e-05 0.0377834 0.0379025 0.00820581 4.7558e-05 0.16893 0.169054 0.0658849 0.000907284 0.0142848 0.0152169 0.0655306 0.000914755 0.0645457 0.0655042 2.66217
131072 7.7e-08 1.63508 0.00882032 5.4256e-05 0.037246 0.0373639 0.00820763 4.7063e-05 0.170467 0.170591 0.0659567 0.000907644 0.0143248 0.0152565 0.0657706 0.000914531 0.0647419 0.0657036 2.66217
131072 7.7e-08 1.64093 0.00887939 5.3764e-05 0.0372837 0.037405 0.00836855 4.7279e-05 0.170504 0.170628 0.0659255 0.000907784 0.0142607 0.0151951 0.0655848 0.000918951 0.0645525 0.0655153 2.66217
131072 7.6e-08 1.63525 0.00879064 5.4097e-05 0.0374409 0.0375617 0.00835572 4.7036e-05 0.168752 0.168875 0.0658753 0.000911736 0.0143142 0.0152573 0.0661484 0.000914333 0.0643726 0.0653309 2.66217
