16 10946 2 3.18e-07 0.0240965 0.00306753 0.000355478 0.00299409 0.000339143
16 10946 2 2.65e-07 0.0141774 0.0020975 0.000204104 0.00200917 0.00020399
16 10946 2 1.38e-07 0.0128422 0.00207135 0.000204633 0.00203178 0.000204402
16 10946 2 1.53e-07 0.0153271 0.00236888 0.000251962 0.00235142 0.00025399
16 10946 2 1.5e-07 0.015832 0.00239273 0.000250675 0.00238687 0.00025405
16 10946 2 1.6e-07 0.0124508 0.00194823 0.000179386 0.00188126 0.000177943
16 10946 2 1.52e-07 0.0117525 0.00194308 0.000178431 0.0018604 0.000177928
16 10946 2 1.46e-07 0.0117018 0.00191899 0.000177173 0.00191573 0.000177288
16 10946 2 1.5e-07 0.0117102 0.00193141 0.000179144 0.00193405 0.000178217
16 10946 2 1.51e-07 0.0133764 0.00211858 0.000203005 0.00205674 0.00020495
16 10946 2 1.51e-07 0.0130864 0.00206704 0.000202978 0.00203362 0.000217091
16 10946 2 1.23e-07 0.0128214 0.00205249 0.00020525 0.00202123 0.000203888
16 10946 2 1.5e-07 0.0118825 0.00217657 0.000205503 0.00199656 0.00020418
16 10946 2 1.73e-07 0.0131082 0.00181777 0.000165519 0.00336872 0.000163803
16 10946 2 1.55e-07 0.0145792 0.00220955 0.000222736 0.0021847 0.000226291
16 10946 2 1.57e-07 0.0132416 0.0020384 0.000195604 0.00191098 0.000168843
16 10946 2 1.28e-07 0.0108332 0.00179637 0.0001566 0.00175121 0.000161775
16 10946 2 2.51e-07 0.0183429 0.00191017 0.000164451 0.00189185 0.000168076
16 10946 2 1.48e-07 0.0118328 0.00217519 0.000171331 0.00224769 0.000213871
16 10946 2 1.63e-07 0.0123943 0.00221278 0.000234615 0.00219573 0.000214275
16 10946 2 1.31e-07 0.0132893 0.00236731 0.000238631 0.00242776 0.000240618
16 10946 2 1.48e-07 0.0117294 0.00184971 0.000170103 0.0018413 0.000168111
16 10946 2 1.5e-07 0.0117359 0.00203088 0.000193553 0.00213772 0.000192892
16 10946 2 1.49e-07 0.0116957 0.00316684 0.000312012 0.00207885 0.000215244
16 10946 2 1.3e-07 0.0118354 0.00187562 0.000169733 0.00186028 0.000167868
16 10946 2 1.61e-07 0.0117073 0.00204304 0.000195403 0.00200499 0.000193533
16 10946 2 1.97e-07 0.0139915 0.00216706 0.000213535 0.00219064 0.000214955
16 10946 2 1.79e-07 0.0123171 0.00202058 0.000194106 0.00322553 0.000321082
16 10946 2 2.43e-07 0.0177203 0.00248365 0.000230518 0.00250321 0.000239563
16 10946 2 2.97e-07 0.0165174 0.00260073 0.000230124 0.00204056 0.000168428
16 10946 2 1.45e-07 0.0181959 0.00263716 0.000155734 0.00185634 0.000154708
16 10946 2 1.64e-07 0.0134045 0.00220399 0.000195053 0.00196839 0.000168015
16 10946 2 1.45e-07 0.0133234 0.0021591 0.000192103 0.00192761 0.000168436
16 10946 2 1.41e-07 0.0156396 0.00242983 0.00025476 0.00238973 0.000239696
16 10946 2 1.4e-07 0.013296 0.00211207 0.000193861 0.00208995 0.000193803
16 10946 2 1.53e-07 0.0131472 0.00207821 0.000188549 0.00201313 0.000192591
16 10946 2 1.59e-07 0.0127408 0.00200317 0.000194452 0.00201311 0.000192704
16 10946 2 1.69e-07 0.012546 0.00201893 0.000196933 0.0020859 0.000193375
16 10946 2 1.43e-07 0.0123366 0.00205508 0.000195611 0.0020858 0.000193618
16 10946 2 1.35e-07 0.0116386 0.00189503 0.000234431 0.00185625 0.000169888
16 10946 2 1.34e-07 0.0117414 0.00199557 0.000194316 0.00201298 0.000193578
16 10946 2 1.72e-07 0.0132636 0.0020477 0.000204432 0.00201687 0.000205697
16 10946 2 1.58e-07 0.0122018 0.00230797 0.000204937 0.00207172 0.00020581
16 10946 2 1.65e-07 0.0118256 0.0020249 0.000206517 0.00207458 0.000205516
16 10946 2 1.43e-07 0.0117375 0.00186508 0.000178648 0.00308151 0.000340706
16 10946 2 2.53e-07 0.0186909 0.00209665 0.000198495 0.00203588 0.000206153
16 10946 2 1.41e-07 0.0117231 0.00188967 0.000179295 0.0018315 0.000179189
16 10946 2 1.4e-07 0.0117711 0.00204877 0.000203543 0.0020336 0.000206603
16 10946 2 1.5e-07 0.0116446 0.00188004 0.000178932 0.00194736 0.000205846
16 10946 2 1.4e-07 0.0117016 0.00197698 0.000181181 0.00182891 0.000179223
16 10946 2 1.4e-07 0.0132716 0.00204988 0.000205274 0.00203247 0.000206276
16 10946 2 1.29e-07 0.0116448 0.00192125 0.000204145 0.00202917 0.000206038
16 10946 2 1.75e-07 0.0132765 0.00204826 0.000199024 0.00209939 0.000208131
16 10946 2 1.34e-07 0.0127883 0.00221874 0.000226134 0.00218117 0.000227597
16 10946 2 1.34e-07 0.0132504 0.00238597 0.000345515 0.00241586 0.000257367
16 10946 2 1.42e-07 0.012925 0.00222774 0.000226287 0.00219909 0.000227909
16 10946 2 2.47e-07 0.0155106 0.00306797 0.000331691 0.00305104 0.000340348
16 10946 2 2.7e-07 0.0147798 0.002056 0.000205443 0.00205086 0.000205761
16 10946 2 1.54e-07 0.0162875 0.00242407 0.000250394 0.00230656 0.000179631
16 10946 2 1.44e-07 0.0119953 0.00203549 0.000206539 0.00205193 0.000205463
16 10946 2 1.43e-07 0.0116852 0.00206231 0.000205098 0.00200741 0.000205199
16 10946 2 1.46e-07 0.0116286 0.00184939 0.000178414 0.00195508 0.000205888
16 10946 2 1.65e-07 0.0117156 0.00184912 0.000180526 0.00188983 0.00017969
16 10946 2 1.5e-07 0.0133631 0.00206826 0.000203841 0.00209328 0.000206354
16 10946 2 1.37e-07 0.0116335 0.00212196 0.000203869 0.00205376 0.000219772
16 10946 2 1.45e-07 0.0118565 0.00202052 0.000206868 0.00204678 0.000208237
16 10946 2 1.33e-07 0.0117141 0.00187191 0.000180293 0.00187189 0.000178974
16 10946 2 1.24e-07 0.0116891 0.0018443 0.000177233 0.0018414 0.000176704
16 10946 2 1.26e-07 0.0118581 0.0020446 0.000203913 0.00223251 0.000202645
16 10946 2 1.92e-07 0.0142794 0.00220883 0.000224971 0.00223777 0.000224453
16 10946 2 1.42e-07 0.011672 0.00184817 0.000178436 0.00202059 0.000202777
16 10946 2 1.31e-07 0.0210737 0.0030099 0.000356451 0.00305071 0.000337873
16 10946 2 1.74e-07 0.0138964 0.0020614 0.000206473 0.00204736 0.000217056
16 10946 2 1.27e-07 0.0126379 0.00209165 0.00020125 0.0020094 0.000203127
16 10946 2 1.21e-07 0.0123539 0.00201661 0.000202572 0.00205174 0.000202682
16 10946 2 1.58e-07 0.0120936 0.00206031 0.000202233 0.00200557 0.00020304
16 10946 2 1.4e-07 0.0118641 0.00210184 0.000204522 0.0020322 0.000203077
16 10946 2 1.4e-07 0.0117781 0.00189172 0.00017819 0.00186673 0.00017677
16 10946 2 1.45e-07 0.0133273 0.00209502 0.000204412 0.00193419 0.000202344
16 10946 2 1.33e-07 0.013218 0.00207128 0.000202798 0.00203835 0.000202769
16 10946 2 1.81e-07 0.0132795 0.00208935 0.00020233 0.00204801 0.000202824
16 10946 2 1.29e-07 0.0130703 0.00206468 0.000200525 0.00205443 0.000203895
16 10946 2 1.91e-07 0.0202466 0.00293198 0.000165531 0.00180744 0.000173126
16 10946 2 2.59e-07 0.0186915 0.00216877 0.000199972 0.00202518 0.000203699
16 10946 2 1.59e-07 0.0117121 0.00185166 0.000177689 0.00182917 0.000175972
16 10946 2 1.4e-07 0.011679 0.00207519 0.000203815 0.00200773 0.000202363
16 10946 2 1.55e-07 0.0116413 0.00192511 0.000177383 0.00188573 0.000203405
16 10946 2 1.46e-07 0.0133094 0.00207214 0.000203505 0.00203278 0.000208437
16 10946 2 1.39e-07 0.0174669 0.00193304 0.000162836 0.00174782 0.000163505
16 10946 2 1.98e-07 0.0116828 0.00196037 0.000176485 0.00182846 0.000176304
16 10946 2 1.56e-07 0.0118132 0.00186739 0.000178135 0.00183869 0.000177607
16 10946 2 1.39e-07 0.0117492 0.00220803 0.000201507 0.00201677 0.000202424
16 10946 2 1.23e-07 0.0108883 0.00180634 0.000162079 0.00210095 0.000225734
16 10946 2 1.4e-07 0.0116772 0.00189449 0.00018333 0.00191375 0.000182024
16 10946 2 1.7e-07 0.0133133 0.00202403 0.000209117 0.00201873 0.000210716
16 10946 2 1.35e-07 0.0215502 0.00312715 0.000336444 0.00312932 0.000389696
16 10946 2 1.19e-07 0.0119212 0.00206462 0.00020584 0.0030994 0.00034636
16 10946 2 2.72e-07 0.0172182 0.00215565 0.00020846 0.00204521 0.000208634
16 10946 2 1.5e-07 0.0131886 0.00225336 0.00022837 0.00220086 0.000245752
16 10946 2 1.56e-07 0.0124224 0.00205831 0.000211855 0.00204885 0.000207957
16 10946 4 1.63e-07 0.0129837 0.00222056 0.000239392 0.00218301 0.000238554
16 10946 4 1.39e-07 0.0125222 0.00211758 0.00021403 0.00204915 0.000214591
16 10946 4 1.5e-07 0.0122027 0.00201927 0.000213923 0.0020469 0.000214698
16 10946 4 1.24e-07 0.0114328 0.00222085 0.00024041 0.00217301 0.000238353
16 10946 4 1.45e-07 0.0117208 0.00205804 0.000215832 0.00203025 0.000216179
16 10946 4 1.7e-07 0.011657 0.0020861 0.000214191 0.00205491 0.000216443
16 10946 4 1.63e-07 0.0119661 0.00185838 0.000193024 0.00184678 0.000187924
16 10946 4 1.62e-07 0.0117014 0.00187182 0.000189593 0.00184914 0.000186459
16 10946 4 1.23e-07 0.011758 0.00184243 0.000186733 0.00186458 0.00018771
16 10946 4 1.51e-07 0.0131513 0.00203196 0.000216246 0.00203118 0.000228841
16 10946 4 1.65e-07 0.012945 0.00206193 0.000219566 0.00200496 0.000215042
16 10946 4 1.44e-07 0.0128952 0.00210036 0.000231711 0.00212299 0.000214088
16 10946 4 1.42e-07 0.0117344 0.0018292 0.000188263 0.00197338 0.000215137
16 10946 4 1.62e-07 0.0133104 0.00203301 0.000214634 0.00203176 0.000229178
16 10946 4 1.36e-07 0.0118931 0.0020495 0.000215279 0.00206042 0.000215808
16 10946 4 1.43e-07 0.0116438 0.00215661 0.00021589 0.0020079 0.000214701
16 10946 4 2.68e-07 0.011779 0.0019174 0.000187802 0.00207369 0.000238516
16 10946 4 2.88e-07 0.0116866 0.00195507 0.000188946 0.00207334 0.000238265
16 10946 4 1.36e-07 0.0116718 0.0018648 0.000187558 0.00183575 0.000234184
16 10946 4 1.32e-07 0.0116826 0.00195906 0.000186537 0.00184707 0.000185557
16 10946 4 1.6e-07 0.0133829 0.00208884 0.000213218 0.00204261 0.000213431
16 10946 4 1.54e-07 0.0130968 0.00217607 0.000213973 0.0021129 0.000213131
16 10946 4 1.55e-07 0.0129768 0.00206981 0.000215 0.00204425 0.000212684
16 10946 4 1.74e-07 0.0130843 0.00205252 0.000213848 0.00216961 0.000212182
16 10946 4 1.39e-07 0.0130246 0.00205377 0.000212352 0.00205125 0.000213042
16 10946 4 1.42e-07 0.0139089 0.00222306 0.000235947 0.00218957 0.000236017
16 10946 4 1.41e-07 0.0128419 0.00201999 0.000214145 0.00204138 0.000212589
16 10946 4 1.58e-07 0.012609 0.00212713 0.000212994 0.00207441 0.000214491
16 10946 4 1.53e-07 0.0125823 0.00206267 0.000214567 0.00203935 0.000212816
16 10946 4 1.39e-07 0.0124958 0.002063 0.000213332 0.00203508 0.000212353
16 10946 4 1.4e-07 0.0117524 0.00186933 0.000187539 0.00182968 0.000185367
16 10946 4 1.42e-07 0.0127735 0.00209215 0.000213547 0.00202289 0.000185697
16 10946 4 1.69e-07 0.0118734 0.00189503 0.000223851 0.00201295 0.000213302
16 10946 4 1.77e-07 0.021079 0.00303462 0.000368062 0.00309565 0.000353573
16 10946 4 1.75e-07 0.0139015 0.00210986 0.000209411 0.00206429 0.000226438
16 10946 4 1.52e-07 0.0124451 0.00208552 0.00021189 0.00202535 0.000212549
16 10946 4 1.41e-07 0.012328 0.00214701 0.000212258 0.0020985 0.000212641
16 10946 4 1.43e-07 0.0116435 0.00197514 0.000188635 0.00192156 0.00018577
16 10946 4 1.25e-07 0.013328 0.00203089 0.000212709 0.00208587 0.00021293
16 10946 4 1.37e-07 0.013314 0.00204139 0.000212288 0.00215697 0.00021331
16 10946 4 1.33e-07 0.0116955 0.0019946 0.000185483 0.00197104 0.000185423
16 10946 4 1.46e-07 0.0129454 0.00217579 0.000213045 0.00216761 0.000212389
16 10946 4 1.67e-07 0.012239 0.0018423 0.000185798 0.00192221 0.000185643
16 10946 4 1.34e-07 0.0173721 0.00221147 0.000173036 0.00192816 0.000171199
16 10946 4 1.46e-07 0.0118802 0.00195162 0.000214835 0.00215729 0.000212676
16 10946 4 2.78e-07 0.011887 0.00247081 0.000252989 0.00242051 0.000259377
16 10946 4 1.36e-07 0.0117048 0.00207524 0.000205428 0.00202581 0.000222591
16 10946 4 1.46e-07 0.0117738 0.00230393 0.000228686 0.0021892 0.000231327
16 10946 4 1.78e-07 0.0134051 0.0019549 0.000179553 0.00193091 0.000182091
16 10946 4 1.56e-07 0.0185632 0.00230821 0.000178135 0.00197937 0.000182029
16 10946 4 1.64e-07 0.0117376 0.00182942 0.000182761 0.0018742 0.000209118
16 10946 4 1.82e-07 0.0134492 0.00204136 0.00020776 0.00204277 0.000208338
16 10946 4 1.67e-07 0.0132521 0.00209298 0.000224523 0.00212097 0.000207614
16 10946 4 1.43e-07 0.0115502 0.00189214 0.000180072 0.00189874 0.000181734
16 10946 4 1.79e-07 0.011807 0.00205088 0.00022775 0.00224096 0.000231484
16 10946 4 1.41e-07 0.0116423 0.0019169 0.000180583 0.0018441 0.000181411
16 10946 4 1.56e-07 0.0117439 0.00192541 0.000178466 0.00193552 0.000181814
16 10946 4 1.45e-07 0.021914 0.00303419 0.000336963 0.00305521 0.000366857
16 10946 4 1.36e-07 0.0118845 0.00204209 0.000223576 0.00202514 0.00020869
16 10946 4 1.24e-07 0.0116369 0.00208238 0.000206757 0.00216492 0.000208538
16 10946 4 1.09e-07 0.0116744 0.00190644 0.000183249 0.0018624 0.000181782
16 10946 4 1.53e-07 0.0121219 0.00213669 0.000207539 0.00212021 0.000207923
16 10946 4 1.62e-07 0.0116598 0.00183564 0.000180831 0.00182546 0.000181717
16 10946 4 1.29e-07 0.0118091 0.001895 0.00018201 0.00186566 0.000181423
16 10946 4 1.54e-07 0.0117736 0.00313731 0.000333296 0.00214337 0.000232088
16 10946 4 1.5e-07 0.0116913 0.00188439 0.00017999 0.001873 0.000181381
16 10946 4 2.1e-07 0.0133525 0.00206179 0.000206972 0.00203152 0.000208084
16 10946 4 1.56e-07 0.0133818 0.00210039 0.000207493 0.0021131 0.000208798
16 10946 4 1.69e-07 0.0116795 0.00195626 0.000180727 0.00184081 0.000181048
16 10946 4 1.73e-07 0.01311 0.00206924 0.000209725 0.00201571 0.00020906
16 10946 4 1.28e-07 0.0131074 0.00226366 0.000209564 0.00219365 0.000221908
16 10946 4 1.44e-07 0.0131004 0.00217494 0.000208032 0.00211154 0.000207783
16 10946 4 1.74e-07 0.0132918 0.0020729 0.000208683 0.00216119 0.000207715
16 10946 4 1.32e-07 0.0131967 0.00208627 0.000206854 0.00201761 0.000208283
16 10946 4 1.28e-07 0.0117484 0.00315563 0.000336141 0.00210883 0.000230913
16 10946 4 1.58e-07 0.0116807 0.0019067 0.000183495 0.00186975 0.000181073
16 10946 4 1.39e-07 0.0133063 0.00201099 0.000207551 0.00203961 0.00020788
16 10946 4 1.5e-07 0.0130227 0.00210022 0.000209275 0.00202662 0.000207503
16 10946 4 1.41e-07 0.0129677 0.00205281 0.000208987 0.00205204 0.000208035
16 10946 4 1.67e-07 0.0128529 0.00201896 0.000207013 0.00202049 0.000207742
16 10946 4 1.37e-07 0.0150881 0.00241369 0.000257555 0.00242506 0.000259803
16 10946 4 1.27e-07 0.0125208 0.00223709 0.000228637 0.00218737 0.000231002
16 10946 4 1.3e-07 0.0125151 0.00206009 0.000210309 0.00203359 0.000207375
16 10946 4 1.54e-07 0.0129912 0.00205478 0.000211599 0.00204003 0.000207402
16 10946 4 1.46e-07 0.0126747 0.002033 0.000206185 0.00202993 0.000207512
16 10946 4 1.65e-07 0.0132362 0.00210891 0.000208722 0.00204275 0.000207672
16 10946 4 1.41e-07 0.013136 0.00205183 0.000207847 0.00199881 0.000207377
16 10946 4 1.47e-07 0.0129538 0.00208603 0.000204035 0.00200806 0.000207431
16 10946 4 2.73e-07 0.0130091 0.00213469 0.000221789 0.00198854 0.00020752
16 10946 4 1.48e-07 0.0127618 0.00203187 0.000208497 0.00203939 0.000208313
16 10946 4 1.56e-07 0.0124754 0.00204237 0.000207154 0.00202296 0.00020747
16 10946 4 1.55e-07 0.01218 0.00200464 0.000207361 0.00205986 0.00020811
16 10946 4 1.23e-07 0.0118879 0.00199857 0.000208353 0.0020224 0.000207649
16 10946 4 1.46e-07 0.0116458 0.00191518 0.000208875 0.00203289 0.000207338
16 10946 4 1.48e-07 0.0116637 0.00187107 0.000181313 0.00188577 0.000208304
16 10946 4 1.55e-07 0.0117113 0.00185236 0.000179346 0.00301204 0.000343883
16 10946 4 2.68e-07 0.0199959 0.00184017 0.000190355 0.00190931 0.00018146
16 10946 4 1.41e-07 0.0116571 0.00184573 0.000181215 0.00182809 0.000180249
16 10946 4 1.57e-07 0.0116795 0.00200402 0.000180438 0.00185253 0.000180435
16 10946 4 1.46e-07 0.0116561 0.00182379 0.000182264 0.00185986 0.000180461
16 10946 8 1.25e-07 0.0133194 0.0020008 0.00021722 0.00206857 0.000214889
16 10946 8 2.9e-07 0.0146972 0.00223716 0.000236487 0.00217156 0.000250231
16 10946 8 1.51e-07 0.0116582 0.00188425 0.000190364 0.00184867 0.000187937
16 10946 8 2.92e-07 0.011732 0.00185957 0.000188451 0.00189708 0.00018823
16 10946 8 1.57e-07 0.0117271 0.0018629 0.000188648 0.00182965 0.000187784
16 10946 8 1.72e-07 0.0133012 0.00209777 0.000215046 0.00202284 0.00021525
16 10946 8 1.43e-07 0.014541 0.00219688 0.000234208 0.00219885 0.000237777
16 10946 8 1.28e-07 0.0131722 0.00207553 0.000216995 0.00205663 0.000215723
16 10946 8 1.58e-07 0.0131573 0.00204317 0.000216336 0.00201237 0.000229178
16 10946 8 1.39e-07 0.0131182 0.00303327 0.000347888 0.00205311 0.000216678
16 10946 8 1.85e-07 0.0133598 0.00206551 0.000231699 0.00203418 0.000215071
16 10946 8 1.3e-07 0.0117491 0.00197637 0.000188887 0.00187139 0.000187272
16 10946 8 1.36e-07 0.0131282 0.00211706 0.000214178 0.00209176 0.000215411
16 10946 8 1.41e-07 0.0131007 0.00217178 0.000216497 0.0020282 0.000228519
16 10946 8 1.46e-07 0.0128835 0.00208783 0.000215507 0.0030394 0.000358468
16 10946 8 2.38e-07 0.0213843 0.00179644 0.00017264 0.00173783 0.000188742
16 10946 8 1.39e-07 0.011646 0.00189387 0.000206033 0.00184039 0.000187657
16 10946 8 2.85e-07 0.0117016 0.00186286 0.000189301 0.00193987 0.00021467
16 10946 8 1.44e-07 0.0116433 0.00183083 0.000189748 0.0018399 0.000187738
16 10946 8 1.5e-07 0.0116053 0.0019974 0.000215673 0.00201871 0.00021564
16 10946 8 1.84e-07 0.014134 0.00217944 0.000236795 0.00216788 0.000238452
16 10946 8 1.36e-07 0.0116379 0.00186224 0.000189564 0.0018408 0.000187708
16 10946 8 1.63e-07 0.0116179 0.0018585 0.000186323 0.00184452 0.000184748
16 10946 8 1.39e-07 0.0130261 0.00202185 0.000213869 0.00200024 0.000212452
16 10946 8 1.32e-07 0.0127188 0.00204157 0.00021273 0.00197714 0.000212141
16 10946 8 1.28e-07 0.0124903 0.00202309 0.000212562 0.00200917 0.000212847
16 10946 8 1.41e-07 0.0134452 0.00220581 0.000234449 0.00219982 0.000236128
16 10946 8 1.29e-07 0.0126495 0.00202619 0.000212826 0.00200612 0.000230692
16 10946 8 1.46e-07 0.0129711 0.00218605 0.000234149 0.00218843 0.00023546
16 10946 8 1.37e-07 0.0128514 0.00222748 0.000256788 0.00220383 0.00023533
16 10946 8 1.63e-07 0.0122058 0.00206598 0.000215246 0.00204923 0.000213082
16 10946 8 1.59e-07 0.0119946 0.00221221 0.000253634 0.00217965 0.000236142
16 10946 8 1.44e-07 0.0116846 0.00202214 0.000213377 0.00203648 0.000213149
16 10946 8 1.78e-07 0.0116841 0.00183427 0.000186079 0.00184103 0.000185155
16 10946 8 1.5e-07 0.0158049 0.00238374 0.000262536 0.00237365 0.000265059
16 10946 8 1.25e-07 0.0108628 0.00178338 0.000172881 0.00178083 0.000171015
16 10946 8 1.21e-07 0.0126831 0.00202055 0.000212807 0.00202005 0.000212895
16 10946 8 2.01e-07 0.0121344 0.00185477 0.000185051 0.00184638 0.000185909
16 10946 8 1.56e-07 0.0158224 0.00238073 0.000261325 0.00237387 0.000264222
16 10946 8 1.77e-07 0.0133735 0.00203528 0.00023392 0.00203111 0.000212482
16 10946 8 1.41e-07 0.011668 0.00201638 0.000214014 0.00197949 0.000212198
16 10946 8 1.49e-07 0.0141355 0.00219707 0.000230674 0.00220547 0.00023565
16 10946 8 1.69e-07 0.0133336 0.00207723 0.000213201 0.00222149 0.000235402
16 10946 8 1.62e-07 0.0139195 0.00208471 0.000214786 0.00199743 0.00021218
16 10946 8 1.26e-07 0.0122496 0.0020093 0.000211786 0.00203632 0.000213141
16 10946 8 1.34e-07 0.0122138 0.00200024 0.000212722 0.00199544 0.000212445
16 10946 8 1.42e-07 0.0118471 0.00199333 0.000213269 0.00204134 0.000212358
16 10946 8 1.24e-07 0.011615 0.00187255 0.000185748 0.00181665 0.000184708
16 10946 8 1.43e-07 0.0117216 0.00184945 0.000186428 0.00186518 0.000185328
16 10946 8 1.34e-07 0.0117409 0.00190569 0.000187942 0.00189269 0.000185335
16 10946 8 2e-07 0.0132759 0.00206422 0.000214082 0.00205 0.000211928
16 10946 8 1.36e-07 0.0132793 0.00207921 0.00021321 0.00205348 0.000212622
16 10946 8 1.68e-07 0.0146229 0.00234753 0.000231731 0.00218159 0.000256835
16 10946 8 1.39e-07 0.0116385 0.00200763 0.000186666 0.00183243 0.000185682
16 10946 8 1.24e-07 0.0116483 0.001883 0.00018627 0.00185557 0.000185327
16 10946 8 1.7e-07 0.0130536 0.00219446 0.000213479 0.00204433 0.000212234
16 10946 8 1.45e-07 0.0127908 0.00204244 0.000213417 0.00203297 0.00021195
16 10946 8 1.32e-07 0.0125815 0.00213124 0.000213417 0.00204996 0.000212338
16 10946 8 1.76e-07 0.0133667 0.00215345 0.000212335 0.00205121 0.000211503
16 10946 8 1.25e-07 0.0116926 0.00191007 0.000184668 0.00189956 0.000185243
16 10946 8 1.6e-07 0.0133523 0.00205599 0.000213101 0.00203306 0.000212395
16 10946 8 1.53e-07 0.0132467 0.0020577 0.000212906 0.00210706 0.000212144
16 10946 8 1.49e-07 0.0131475 0.00200959 0.000214651 0.00201248 0.000226349
16 10946 8 1.53e-07 0.0130234 0.00209469 0.000212672 0.00203405 0.000212906
16 10946 8 1.56e-07 0.0130029 0.0021281 0.00021795 0.00203219 0.000212659
16 10946 8 1.34e-07 0.0127917 0.00211796 0.000213494 0.00203068 0.000213048
16 10946 8 1.3e-07 0.0116511 0.00183257 0.000183463 0.00185263 0.00018533
16 10946 8 1.48e-07 0.0132519 0.00203613 0.000212918 0.00206198 0.000212588
16 10946 8 1.67e-07 0.0116974 0.00185794 0.000187809 0.00200462 0.000212015
16 10946 8 1.29e-07 0.0116727 0.0018284 0.000185445 0.0018434 0.000185152
16 10946 8 1.63e-07 0.0116987 0.00188133 0.000188281 0.00185999 0.00018586
16 10946 8 1.1e-07 0.0131593 0.00204026 0.000212379 0.00201606 0.00022678
16 10946 8 1.78e-07 0.013149 0.00310176 0.000344545 0.00203733 0.000212996
16 10946 8 1.6e-07 0.0132723 0.00206919 0.000213287 0.00203659 0.000212949
16 10946 8 1.29e-07 0.0133342 0.00211225 0.00021474 0.00207352 0.000212607
16 10946 8 1.54e-07 0.0133034 0.00205603 0.000217327 0.00203803 0.000213497
16 10946 8 1.54e-07 0.0132398 0.00202452 0.000215082 0.00199905 0.000213598
16 10946 8 1.64e-07 0.0132259 0.0020643 0.000216593 0.002157 0.000214057
16 10946 8 1.5e-07 0.012902 0.00206863 0.00021578 0.00203713 0.000213528
16 10946 8 1.39e-07 0.0126779 0.00202766 0.000217085 0.0020242 0.000213471
16 10946 8 1.2e-07 0.0120346 0.00206943 0.000216445 0.00200611 0.000213039
16 10946 8 1.55e-07 0.0132682 0.0017736 0.000174858 0.00183275 0.000176697
16 10946 8 1.37e-07 0.0117388 0.00198051 0.000187305 0.00202509 0.00021336
16 10946 8 1.49e-07 0.0117088 0.00195063 0.000210309 0.0018847 0.000186562
16 10946 8 1.34e-07 0.0117146 0.00195514 0.000188399 0.00189648 0.000185833
16 10946 8 1.97e-07 0.013344 0.00214443 0.000215178 0.00204114 0.000213785
16 10946 8 1.22e-07 0.0132958 0.00202647 0.000216501 0.00300699 0.00035421
16 10946 8 2.95e-07 0.0201339 0.00190726 0.000198582 0.00185761 0.000186332
16 10946 8 1.46e-07 0.0116623 0.00209855 0.000213904 0.00203411 0.000227485
16 10946 8 1.61e-07 0.0117355 0.00190373 0.000188824 0.00202255 0.00021432
16 10946 8 1.5e-07 0.0117269 0.00196344 0.000188379 0.00185927 0.000185829
16 10946 8 1.33e-07 0.0216075 0.00306971 0.000348416 0.00301169 0.000377297
16 10946 8 1.39e-07 0.0117421 0.00206075 0.000215417 0.00202295 0.000213673
16 10946 8 1.39e-07 0.011781 0.00183685 0.000188187 0.00181956 0.000185873
16 10946 8 1.35e-07 0.0116745 0.00186175 0.000186827 0.00185598 0.00018569
16 10946 8 1.59e-07 0.0132765 0.00209558 0.000229853 0.00203204 0.000214598
16 10946 8 1.48e-07 0.0132646 0.00205578 0.000214721 0.00202688 0.000213578
16 10946 8 1.51e-07 0.0124397 0.00203985 0.000211916 0.00199715 0.000212827
16 10946 8 1.65e-07 0.0122703 0.00202599 0.000216308 0.00205642 0.000213742
16 10946 8 1.55e-07 0.0125863 0.00190889 0.000175928 0.0017967 0.000172064
16 10946 16 1.28e-07 0.0123569 0.0023474 0.000245991 0.00221774 0.00024492
16 10946 16 1.52e-07 0.0117 0.00202262 0.000195184 0.0019443 0.000192377
16 10946 16 1.6e-07 0.0116875 0.00192566 0.000197354 0.00185629 0.00019283
16 10946 16 1.45e-07 0.0133316 0.00207995 0.000222929 0.00209911 0.000220928
16 10946 16 1.22e-07 0.0116856 0.00191452 0.000194126 0.00190148 0.000192398
16 10946 16 1.33e-07 0.0132263 0.00209693 0.000222209 0.00205608 0.000221351
16 10946 16 1.38e-07 0.0131014 0.00212566 0.000218643 0.00206743 0.00022135
16 10946 16 1.42e-07 0.0129126 0.00207653 0.000223151 0.00204112 0.000220758
16 10946 16 1.3e-07 0.0128334 0.00206527 0.000222247 0.00201431 0.000220366
16 10946 16 1.38e-07 0.0125919 0.00218361 0.000223155 0.00202373 0.000220654
16 10946 16 1.58e-07 0.0124485 0.00206496 0.000221836 0.00200038 0.000220377
16 10946 16 1.35e-07 0.0124999 0.00209484 0.000218741 0.0020375 0.000221165
16 10946 16 1.62e-07 0.0122819 0.00209952 0.000222718 0.00209203 0.000220712
16 10946 16 1.4e-07 0.0123638 0.00201359 0.00022264 0.00201459 0.000220428
16 10946 16 2.88e-07 0.0207106 0.00181763 0.000176392 0.00182335 0.00017763
16 10946 16 1.66e-07 0.0132746 0.00213156 0.000223675 0.00212381 0.000212561
16 10946 16 1.23e-07 0.0117397 0.00184382 0.000193791 0.00183316 0.00019239
16 10946 16 1.51e-07 0.0116644 0.00188011 0.00019477 0.00193042 0.000192432
16 10946 16 1.32e-07 0.0116952 0.00186084 0.000197026 0.00183865 0.000193965
16 10946 16 1.3e-07 0.0132631 0.0020632 0.0002233 0.00206529 0.000220543
16 10946 16 1.12e-07 0.0132403 0.00203904 0.000223436 0.00205681 0.000221086
16 10946 16 1.08e-07 0.0132853 0.00212001 0.000222173 0.00201861 0.00022106
16 10946 16 1.34e-07 0.0108733 0.00175414 0.000180893 0.00175015 0.00017745
16 10946 16 1.37e-07 0.0116454 0.00187158 0.000193688 0.00179738 0.000192631
16 10946 16 1.38e-07 0.0130097 0.00209288 0.000222257 0.00203291 0.000220253
16 10946 16 1.71e-07 0.0130983 0.0020808 0.000228597 0.00202589 0.00022247
16 10946 16 1.47e-07 0.0132467 0.00203043 0.000226612 0.00205156 0.000222646
16 10946 16 1.62e-07 0.0132012 0.00208744 0.000227365 0.00205224 0.000223187
16 10946 16 1.54e-07 0.0132883 0.00206747 0.000226787 0.0020463 0.000222156
16 10946 16 1.23e-07 0.0131993 0.00203898 0.000226777 0.00202625 0.000223035
16 10946 16 1.58e-07 0.0118005 0.00185069 0.000200037 0.00192558 0.000193778
16 10946 16 1.55e-07 0.0117477 0.00184763 0.000199621 0.00194676 0.000224235
16 10946 16 1.38e-07 0.010857 0.00185133 0.000183177 0.00192928 0.000223477
16 10946 16 1.41e-07 0.0116732 0.00193148 0.000197933 0.00186096 0.000194314
16 10946 16 1.54e-07 0.0215572 0.0030591 0.000375279 0.00313049 0.000392369
16 10946 16 1.37e-07 0.0117963 0.0020147 0.000225875 0.0020009 0.000223027
16 10946 16 1.81e-07 0.0116444 0.00205733 0.000228707 0.00200104 0.000239918
16 10946 16 1.21e-07 0.0116615 0.00185558 0.000198891 0.00188659 0.000223297
16 10946 16 1.46e-07 0.0116527 0.00191959 0.000198275 0.00303129 0.000369732
16 10946 16 2.4e-07 0.020688 0.00188633 0.000180054 0.00180599 0.000178611
16 10946 16 1.53e-07 0.0133133 0.00188387 0.000198639 0.00186111 0.000203937
16 10946 16 1.36e-07 0.0117435 0.00190682 0.00019726 0.00205028 0.000222727
16 10946 16 1.48e-07 0.0116686 0.00206055 0.000194876 0.00185859 0.000194197
16 10946 16 1.8e-07 0.0117689 0.00190053 0.000199436 0.00182157 0.000219631
16 10946 16 1.74e-07 0.0116931 0.00191243 0.00019928 0.00310295 0.000369397
16 10946 16 2.73e-07 0.0203117 0.00200784 0.000194109 0.00185945 0.00019465
16 10946 16 1.8e-07 0.0118765 0.00209738 0.000228576 0.00204491 0.000222328
16 10946 16 1.37e-07 0.0116972 0.00190138 0.000225623 0.00201078 0.000222411
16 10946 16 1.65e-07 0.0116276 0.00194847 0.000198105 0.0018611 0.000193466
16 10946 16 1.71e-07 0.0117242 0.00188611 0.00019857 0.00183842 0.000193978
16 10946 16 1.5e-07 0.0133694 0.00211857 0.000226158 0.00201365 0.000222368
16 10946 16 1.46e-07 0.0130441 0.00213491 0.000228006 0.00201516 0.000227895
16 10946 16 1.34e-07 0.0129602 0.00229516 0.000232846 0.0020565 0.000228087
16 10946 16 1.4e-07 0.0129481 0.00208267 0.000233537 0.00205407 0.00022846
16 10946 16 1.43e-07 0.0127627 0.0020615 0.000232278 0.00204399 0.000245935
16 10946 16 1.53e-07 0.0124854 0.0020761 0.000235705 0.00201828 0.000228504
16 10946 16 1.42e-07 0.0123934 0.00202774 0.000232977 0.00203387 0.000228324
16 10946 16 1.44e-07 0.0122885 0.00220396 0.000229323 0.00201926 0.000227905
16 10946 16 1.52e-07 0.0119359 0.00210141 0.000232492 0.00210535 0.000228769
16 10946 16 1.73e-07 0.0116251 0.00312591 0.00037519 0.00207368 0.000229367
16 10946 16 1.96e-07 0.0132392 0.00214515 0.000231187 0.00204779 0.000241619
16 10946 16 1.67e-07 0.0133126 0.00204584 0.000229569 0.00199761 0.000228172
16 10946 16 1.42e-07 0.0116845 0.00184541 0.000221896 0.00187385 0.000199003
16 10946 16 1.25e-07 0.0116463 0.00184086 0.000202127 0.00184718 0.000199154
16 10946 16 1.59e-07 0.0132464 0.00207385 0.00023058 0.00206641 0.000228368
16 10946 16 1.82e-07 0.0132953 0.00214193 0.000251657 0.00223693 0.000228189
16 10946 16 1.85e-07 0.0133776 0.0021611 0.000232421 0.00210726 0.000228574
16 10946 16 1.69e-07 0.0132382 0.00203723 0.000229239 0.00204792 0.00022822
16 10946 16 1.39e-07 0.0215157 0.00306198 0.000380448 0.00303334 0.000401561
16 10946 16 1.67e-07 0.0118727 0.00205586 0.000230833 0.00210523 0.000228309
16 10946 16 1.5e-07 0.011747 0.00211637 0.000231597 0.00203728 0.000228351
16 10946 16 1.38e-07 0.0117021 0.0018521 0.000201422 0.00187214 0.000229362
16 10946 16 1.51e-07 0.0116823 0.00197855 0.000203817 0.0018338 0.000199081
16 10946 16 1.87e-07 0.0215155 0.00314351 0.000379209 0.00299603 0.000405366
16 10946 16 1.52e-07 0.0117835 0.002019 0.000233125 0.00209748 0.000228521
16 10946 16 1.31e-07 0.0117261 0.00207774 0.000231738 0.00206849 0.0002287
16 10946 16 1.65e-07 0.0116428 0.00193158 0.000195862 0.00185363 0.000192715
16 10946 16 1.68e-07 0.0116752 0.00187743 0.00019678 0.00185758 0.00024315
16 10946 16 1.34e-07 0.011645 0.0019104 0.000196826 0.00187949 0.000192519
16 10946 16 1.33e-07 0.0131215 0.00211542 0.000225944 0.00202506 0.000220847
16 10946 16 1.55e-07 0.0130881 0.00209702 0.000223916 0.00206805 0.000221017
16 10946 16 1.54e-07 0.0128675 0.00209895 0.000226504 0.00203915 0.000221032
16 10946 16 1.6e-07 0.0125972 0.00219519 0.000225464 0.00203342 0.000235695
16 10946 16 1.45e-07 0.0123804 0.00210206 0.000237639 0.0020104 0.000220764
16 10946 16 1.24e-07 0.0117019 0.0019125 0.000195636 0.00181479 0.000192435
16 10946 16 1.26e-07 0.0116656 0.00206709 0.000225075 0.00201576 0.000225585
16 10946 16 1.39e-07 0.0128149 0.00226634 0.000263454 0.00220712 0.000244808
16 10946 16 1.45e-07 0.0123454 0.00209043 0.000226115 0.00209902 0.000221262
16 10946 16 1.33e-07 0.0117449 0.0019037 0.000211176 0.00184547 0.000192584
16 10946 16 1.21e-07 0.012768 0.00210314 0.000222316 0.00199237 0.000193517
16 10946 16 1.41e-07 0.0117718 0.00188113 0.000196768 0.00186565 0.000192811
16 10946 16 1.73e-07 0.0117426 0.00185836 0.000197109 0.00192243 0.000221133
16 10946 16 1.44e-07 0.0116574 0.00190526 0.000196681 0.00187153 0.000193447
16 10946 16 1.45e-07 0.0132277 0.00213449 0.000225469 0.00205683 0.000221023
16 10946 16 1.47e-07 0.0117957 0.00184007 0.000196839 0.00183852 0.000192682
16 10946 16 1.24e-07 0.0116578 0.00185647 0.000196741 0.00202285 0.000221641
16 10946 16 1.25e-07 0.0108926 0.00185345 0.000185514 0.00178899 0.000177386
16 10946 16 1.5e-07 0.0117008 0.00190482 0.000197161 0.00186881 0.000192736
16 10946 16 1.59e-07 0.0132266 0.00202772 0.000224353 0.00204884 0.000221358
16 10946 16 1.47e-07 0.012516 0.00217156 0.000224248 0.00203928 0.000220453
16 10946 32 1.66e-07 0.0177215 0.00265941 0.000355639 0.00232547 0.000216376
16 10946 32 1.5e-07 0.0116591 0.00185464 0.000219585 0.00190097 0.000216583
16 10946 32 1.26e-07 0.0177818 0.00187435 0.000201153 0.00177447 0.000206502
16 10946 32 1.94e-07 0.0127523 0.00220651 0.000276442 0.00216209 0.000274464
16 10946 32 1.5e-07 0.013068 0.0022533 0.000269656 0.00218744 0.000273841
16 10946 32 1.48e-07 0.0125262 0.00230658 0.000269755 0.00220455 0.00027432
16 10946 32 1.65e-07 0.0123351 0.00212065 0.000249873 0.00206231 0.00024735
16 10946 32 1.46e-07 0.0123116 0.00206363 0.000251748 0.00203819 0.000246942
16 10946 32 1.36e-07 0.0123504 0.00211389 0.000268123 0.00204055 0.00024715
16 10946 32 1.35e-07 0.0170655 0.00298813 0.00043091 0.00307299 0.00041124
16 10946 32 2.65e-07 0.0187176 0.00201886 0.000250577 0.00203384 0.000247595
16 10946 32 1.48e-07 0.0133449 0.00199506 0.000250173 0.00203504 0.000248955
16 10946 32 1.57e-07 0.0117432 0.00214965 0.000248599 0.00207834 0.000248216
16 10946 32 1.43e-07 0.0117089 0.00186815 0.00021991 0.00207216 0.000247577
16 10946 32 1.41e-07 0.0116686 0.001861 0.000217303 0.00183312 0.000216026
16 10946 32 1.29e-07 0.0109347 0.00211878 0.000249877 0.00207463 0.000248114
16 10946 32 1.55e-07 0.0133602 0.00186339 0.000218892 0.00190617 0.000216018
16 10946 32 1.27e-07 0.0117035 0.00184892 0.000218095 0.00192768 0.000247024
16 10946 32 1.39e-07 0.0116217 0.00185307 0.000216853 0.00184578 0.000215654
16 10946 32 1.55e-07 0.0116854 0.0018301 0.000218907 0.0018169 0.000215672
16 10946 32 1.22e-07 0.0131824 0.00215289 0.000248374 0.00202267 0.000247426
16 10946 32 1.46e-07 0.0131527 0.00201985 0.000250015 0.00202335 0.000248033
16 10946 32 1.49e-07 0.0131371 0.00207908 0.000251137 0.00204634 0.000247399
16 10946 32 1.79e-07 0.0129445 0.00203224 0.000247259 0.00212146 0.000247453
16 10946 32 1.49e-07 0.0130376 0.00206142 0.000244743 0.00200268 0.000246488
16 10946 32 1.3e-07 0.0129603 0.00202 0.000250945 0.00202002 0.000247043
16 10946 32 1.58e-07 0.0128017 0.00203948 0.000249183 0.00203344 0.000246385
16 10946 32 1.28e-07 0.0129393 0.00211091 0.000249704 0.00201901 0.000247569
16 10946 32 1.33e-07 0.0128119 0.00206183 0.000254622 0.002072 0.0002509
16 10946 32 1.33e-07 0.0127268 0.00214106 0.000256164 0.00203184 0.000251719
16 10946 32 1.68e-07 0.0130522 0.00230194 0.000273642 0.00219457 0.000279015
16 10946 32 1.69e-07 0.0123704 0.00206343 0.000257542 0.00206746 0.000252234
16 10946 32 1.37e-07 0.0116986 0.00191101 0.000224133 0.0018612 0.000218728
16 10946 32 1.48e-07 0.0117284 0.00215803 0.000255147 0.00207139 0.000251142
16 10946 32 1.61e-07 0.0117123 0.00184333 0.000223813 0.00200883 0.00025152
16 10946 32 1.4e-07 0.0117198 0.0018454 0.000224085 0.0018297 0.000219043
16 10946 32 1.41e-07 0.0132983 0.00202719 0.000254869 0.00203738 0.000251077
16 10946 32 1.37e-07 0.0116759 0.00187958 0.000223364 0.0019001 0.000219012
16 10946 32 1.67e-07 0.011705 0.00190291 0.000223733 0.00187673 0.000218722
16 10946 32 1.4e-07 0.0132517 0.00283123 0.000641891 0.00204812 0.000253466
16 10946 32 1.5e-07 0.0134014 0.0020813 0.000255857 0.00212789 0.00025122
16 10946 32 1.4e-07 0.0132251 0.00201363 0.00025547 0.00202851 0.000252224
16 10946 32 1.19e-07 0.0108486 0.00176973 0.000206538 0.00177108 0.000201641
16 10946 32 1.47e-07 0.0117526 0.00184885 0.00022239 0.00190557 0.000219022
16 10946 32 1.37e-07 0.0132412 0.00206213 0.000255412 0.00204992 0.000251776
16 10946 32 1.57e-07 0.0132965 0.00202323 0.00025525 0.00203719 0.000251386
16 10946 32 1.47e-07 0.0130979 0.00203765 0.000254901 0.0020795 0.000250548
16 10946 32 1.55e-07 0.0134304 0.00251075 0.000315404 0.00240351 0.000312682
16 10946 32 1.51e-07 0.0121381 0.00222113 0.000281001 0.00224651 0.00027819
16 10946 32 1.47e-07 0.0121519 0.00211204 0.000253847 0.002055 0.00025654
16 10946 32 1.75e-07 0.0117225 0.00198831 0.000224888 0.00180877 0.000219903
16 10946 32 1.45e-07 0.0117271 0.00204073 0.00025496 0.00203257 0.000255998
16 10946 32 1.24e-07 0.0117186 0.00186829 0.000222251 0.00187441 0.000219323
16 10946 32 1.68e-07 0.0117178 0.00184135 0.000222899 0.00205392 0.000248558
16 10946 32 1.33e-07 0.0117365 0.00190461 0.000222074 0.00186874 0.000216785
16 10946 32 2.27e-07 0.0132583 0.00212737 0.000253415 0.00204081 0.000248574
16 10946 32 1.38e-07 0.0133892 0.00209508 0.000253492 0.0020294 0.000248612
16 10946 32 1.35e-07 0.0163581 0.00266073 0.000378995 0.002664 0.000354617
16 10946 32 2.47e-07 0.0186167 0.00202685 0.000248176 0.00205451 0.000249396
16 10946 32 1.45e-07 0.0116678 0.00187009 0.000222506 0.00182892 0.000216651
16 10946 32 1.28e-07 0.0127813 0.00219957 0.000278725 0.00216742 0.000275703
16 10946 32 1.24e-07 0.0116384 0.00188998 0.00022171 0.00182869 0.000216377
16 10946 32 1.25e-07 0.0116685 0.00201551 0.000254063 0.00202986 0.000249237
16 10946 32 1.44e-07 0.0117738 0.00189792 0.000220397 0.00186874 0.000217131
16 10946 32 1.21e-07 0.0147571 0.00242923 0.000312525 0.00236717 0.000310818
16 10946 32 1.33e-07 0.0133155 0.00205183 0.000257571 0.00202343 0.000248922
16 10946 32 1.63e-07 0.0132999 0.00206319 0.00025569 0.00204972 0.000248372
16 10946 32 1.59e-07 0.0125939 0.00218676 0.000279791 0.00219183 0.000275933
16 10946 32 1.61e-07 0.0123089 0.00206777 0.000252802 0.00201523 0.000249616
16 10946 32 1.73e-07 0.014505 0.00268499 0.000353454 0.00264494 0.00035388
16 10946 32 1.38e-07 0.012671 0.00208124 0.000255363 0.00202725 0.000249243
16 10946 32 1.84e-07 0.0124708 0.00209021 0.000253727 0.00200556 0.00024937
16 10946 32 1.56e-07 0.0124016 0.00210533 0.000267669 0.00203877 0.000249193
16 10946 32 1.4e-07 0.0122144 0.00223046 0.000281825 0.00221075 0.000276626
16 10946 32 1.44e-07 0.0151101 0.00305977 0.000412973 0.00301588 0.000411728
16 10946 32 1.26e-07 0.0116713 0.00190884 0.00022195 0.00190849 0.000217554
16 10946 32 1.68e-07 0.011687 0.00193113 0.000222135 0.0019443 0.000217168
16 10946 32 1.56e-07 0.0116916 0.00176507 0.000218573 0.00184895 0.000214801
16 10946 32 1.45e-07 0.013176 0.00206046 0.0002517 0.00203623 0.000245479
16 10946 32 1.21e-07 0.0130314 0.00235097 0.000280678 0.00221324 0.00027303
16 10946 32 2.52e-07 0.0135234 0.00206764 0.000250883 0.00206494 0.000245509
16 10946 32 1.21e-07 0.0132728 0.00210902 0.000250919 0.00206432 0.000245429
16 10946 32 1.25e-07 0.0108875 0.0018103 0.000204149 0.00181202 0.000246356
16 10946 32 1.72e-07 0.0116642 0.00191211 0.000220927 0.00183209 0.000214169
16 10946 32 1.25e-07 0.013244 0.00204388 0.000249219 0.00206484 0.00024601
16 10946 32 1.44e-07 0.0109093 0.00185093 0.000199853 0.0018902 0.000245754
16 10946 32 1.25e-07 0.0108483 0.00188146 0.000200422 0.00180825 0.00019766
16 10946 32 1.32e-07 0.0116726 0.00200729 0.0002196 0.00197679 0.000214232
16 10946 32 1.71e-07 0.0123049 0.00205016 0.000253677 0.0020382 0.000245773
16 10946 32 1.54e-07 0.0128206 0.0022749 0.000295705 0.0022285 0.000272454
16 10946 32 1.43e-07 0.0121973 0.00206113 0.000250451 0.002044 0.000245492
16 10946 32 1.35e-07 0.0127443 0.00234943 0.000276089 0.00224186 0.000272929
16 10946 32 1.41e-07 0.0125904 0.00210806 0.000264867 0.00201676 0.00024606
16 10946 32 1.58e-07 0.0124797 0.00222282 0.000250372 0.00202575 0.000245894
16 10946 32 1.55e-07 0.012267 0.00205362 0.000252158 0.00202496 0.000245847
16 10946 32 1.42e-07 0.0117028 0.00194116 0.000220274 0.00186709 0.00021385
16 10946 32 1.47e-07 0.0116221 0.00229676 0.000250534 0.00201286 0.000246939
16 10946 32 1.55e-07 0.0196027 0.00312073 0.000414288 0.00312963 0.000408668
16 10946 32 1.92e-07 0.0141904 0.00210095 0.000267463 0.0020379 0.000245545
16 10946 32 1.66e-07 0.0128591 0.00210087 0.000249671 0.00202421 0.000245536
16 10946 64 1.43e-07 0.0140942 0.00231834 0.000318925 0.00222684 0.00032753
16 10946 64 1.69e-07 0.0132076 0.00210691 0.000293072 0.00203065 0.000291864
16 10946 64 1.57e-07 0.0131942 0.00212023 0.000292384 0.00206436 0.00029123
16 10946 64 1.68e-07 0.0134071 0.00212339 0.000290417 0.00201008 0.000292024
16 10946 64 1.34e-07 0.0116715 0.00184776 0.000253524 0.00186326 0.000254276
16 10946 64 1.5e-07 0.0129976 0.00211216 0.000286026 0.0020425 0.000292427
16 10946 64 1.47e-07 0.0131032 0.00321252 0.000474158 0.00205348 0.000291908
16 10946 64 1.52e-07 0.0116907 0.00187217 0.000253543 0.00182528 0.000254283
16 10946 64 1.57e-07 0.0132597 0.00201716 0.000291168 0.00203715 0.00029126
16 10946 64 1.46e-07 0.0117835 0.00161092 0.000255542 0.00186226 0.000255311
16 10946 64 1.54e-07 0.0109334 0.00189226 0.000242368 0.00200242 0.000291616
16 10946 64 1.62e-07 0.0133516 0.0020377 0.000291172 0.00207761 0.000291335
16 10946 64 1.33e-07 0.0120519 0.00204408 0.000289532 0.00210371 0.000309644
16 10946 64 1.43e-07 0.0118436 0.00199985 0.000291066 0.00203522 0.000292063
16 10946 64 1.45e-07 0.0117466 0.00207931 0.000291069 0.00201547 0.000291257
16 10946 64 1.36e-07 0.0116375 0.00185565 0.000253229 0.00189721 0.000254445
16 10946 64 1.38e-07 0.0116909 0.00182533 0.000254042 0.00208544 0.000291449
16 10946 64 1.18e-07 0.0146776 0.00238882 0.000351658 0.00240546 0.000365545
16 10946 64 1.61e-07 0.0130578 0.00207037 0.000289417 0.00205808 0.000290559
16 10946 64 1.66e-07 0.0130112 0.00205183 0.000287497 0.0020493 0.000291685
16 10946 64 1.72e-07 0.0129725 0.00206795 0.000291777 0.0020989 0.000290863
16 10946 64 1.33e-07 0.0116384 0.00184629 0.000253067 0.00189645 0.000291992
16 10946 64 1.34e-07 0.0116619 0.00188154 0.000255396 0.00185114 0.00025353
16 10946 64 1.7e-07 0.0132354 0.00205426 0.000290173 0.00203316 0.000291227
16 10946 64 1.31e-07 0.0132143 0.00202606 0.000289113 0.00206317 0.000292569
16 10946 64 1.43e-07 0.013219 0.00202869 0.000292421 0.00203807 0.000292057
16 10946 64 1.78e-07 0.0133315 0.00203102 0.000291756 0.00204031 0.000291346
16 10946 64 1.31e-07 0.0130897 0.0030945 0.000477773 0.00205662 0.000296643
16 10946 64 1.93e-07 0.0132774 0.00202363 0.000293309 0.00213408 0.000294734
16 10946 64 1.26e-07 0.013306 0.00201159 0.000292807 0.00203785 0.000294874
16 10946 64 1.27e-07 0.0131594 0.00205031 0.000293597 0.00204843 0.000294977
16 10946 64 1.4e-07 0.0132543 0.00207309 0.000311256 0.00204705 0.000294392
16 10946 64 1.45e-07 0.0133372 0.00205265 0.000311032 0.00204399 0.000295239
16 10946 64 1.66e-07 0.0133805 0.00205992 0.000296389 0.00204187 0.000294937
16 10946 64 1.56e-07 0.0116421 0.00184578 0.000255044 0.00186374 0.000257122
16 10946 64 1.45e-07 0.0133103 0.00200762 0.0002952 0.0019868 0.000295906
16 10946 64 1.29e-07 0.0132937 0.00203297 0.000293622 0.00203922 0.000294204
16 10946 64 1.41e-07 0.0132521 0.00207864 0.000292109 0.00203272 0.000294609
16 10946 64 1.33e-07 0.0132037 0.00199695 0.000294373 0.00202536 0.000296093
16 10946 64 1.67e-07 0.0128048 0.00200936 0.000294009 0.00203445 0.000295148
16 10946 64 1.48e-07 0.0126018 0.00199491 0.000291813 0.00203709 0.000296119
16 10946 64 1.62e-07 0.0125096 0.0020537 0.000294327 0.00200125 0.000295033
16 10946 64 1.24e-07 0.0123656 0.00205408 0.000296139 0.00210472 0.000295961
16 10946 64 1.49e-07 0.0177972 0.00268951 0.000408304 0.00194087 0.000258802
16 10946 64 1.36e-07 0.0117761 0.00188523 0.000258644 0.00183834 0.000256623
16 10946 64 1.36e-07 0.0132535 0.00207719 0.000293828 0.00206464 0.000296268
16 10946 64 1.55e-07 0.0132401 0.0020769 0.000294131 0.00202863 0.000294845
16 10946 64 1.46e-07 0.0132697 0.00209587 0.00029256 0.00206375 0.000295271
16 10946 64 1.62e-07 0.0133346 0.00211132 0.000297864 0.00203845 0.000295161
16 10946 64 1.52e-07 0.0116964 0.00192401 0.000256036 0.00188534 0.000257441
16 10946 64 1.35e-07 0.0152035 0.00238237 0.000357355 0.00237348 0.000369622
16 10946 64 1.73e-07 0.011731 0.00189838 0.000256982 0.00184267 0.000291969
16 10946 64 1.22e-07 0.0117326 0.0019099 0.000269603 0.00182611 0.000254934
16 10946 64 1.25e-07 0.0116323 0.00184581 0.000257686 0.00186028 0.000255419
16 10946 64 1.83e-07 0.0146512 0.002304 0.000326795 0.00225659 0.000328634
16 10946 64 1.47e-07 0.0116987 0.0019143 0.000257837 0.00187173 0.000254846
16 10946 64 1.43e-07 0.0132908 0.00206399 0.000294721 0.00204155 0.000292121
16 10946 64 1.54e-07 0.0116929 0.00183073 0.000257802 0.00182921 0.00025456
16 10946 64 1.59e-07 0.011703 0.00187234 0.000256689 0.00189038 0.000254632
16 10946 64 1.87e-07 0.0145609 0.00228391 0.00031792 0.0022202 0.000338069
16 10946 64 1.23e-07 0.0117037 0.00185857 0.000270214 0.00187247 0.000254638
16 10946 64 1.55e-07 0.0133246 0.00210287 0.000312965 0.00208089 0.000292399
16 10946 64 1.4e-07 0.0116868 0.00191487 0.000254962 0.00186687 0.000255633
16 10946 64 1.35e-07 0.0130582 0.00210645 0.000294689 0.00205256 0.000291908
16 10946 64 1.51e-07 0.0116513 0.00191445 0.000255644 0.00194055 0.000329339
16 10946 64 1.92e-07 0.0133761 0.00204373 0.000293386 0.00205706 0.000292455
16 10946 64 1.74e-07 0.0116948 0.00189806 0.000256252 0.00189123 0.000260155
16 10946 64 1.44e-07 0.0172255 0.00221397 0.000237221 0.00180113 0.000234334
16 10946 64 1.27e-07 0.0117326 0.00187721 0.000255624 0.0018913 0.000293745
16 10946 64 1.11e-07 0.0108258 0.00177879 0.000236611 0.0017552 0.000235097
16 10946 64 1.58e-07 0.011681 0.00183595 0.000257594 0.00185765 0.000254808
16 10946 64 1.41e-07 0.0130806 0.00210648 0.000293917 0.00199304 0.000305552
16 10946 64 1.37e-07 0.0130197 0.00205118 0.000288372 0.00204827 0.000295164
16 10946 64 1.43e-07 0.0130021 0.00209552 0.000294194 0.0020474 0.00029218
16 10946 64 1.39e-07 0.0130451 0.00203867 0.000311954 0.00204438 0.000307926
16 10946 64 1.34e-07 0.0130024 0.00215334 0.000293628 0.00205943 0.000292083
16 10946 64 1.72e-07 0.0128972 0.00209515 0.000296762 0.00206288 0.000292805
16 10946 64 2.14e-07 0.0133305 0.00205917 0.000296347 0.00205794 0.000293458
16 10946 64 1.72e-07 0.0133491 0.00208721 0.000295744 0.0021027 0.000293387
16 10946 64 1.4e-07 0.0128829 0.00214456 0.00029569 0.00214133 0.00029361
16 10946 64 1.71e-07 0.0117611 0.00193709 0.000256904 0.00191777 0.000255248
16 10946 64 1.98e-07 0.0117024 0.00190518 0.000259784 0.00185337 0.000255927
16 10946 64 1.2e-07 0.0133216 0.00209177 0.000296868 0.00202897 0.000293836
16 10946 64 1.44e-07 0.0130676 0.00211214 0.00029395 0.00198708 0.000304948
16 10946 64 1.63e-07 0.0129564 0.00200044 0.000294773 0.00201327 0.000293027
16 10946 64 1.31e-07 0.0214159 0.00301306 0.000487112 0.00300997 0.000508466
16 10946 64 1.79e-07 0.0140008 0.00204917 0.000290079 0.00199102 0.000296372
16 10946 64 1.38e-07 0.0130896 0.00222388 0.000326339 0.00218103 0.000350183
16 10946 64 1.67e-07 0.0125426 0.00201721 0.000294242 0.00199981 0.000292868
16 10946 64 1.32e-07 0.0125505 0.00206436 0.000289518 0.00203581 0.000296551
16 10946 64 1.53e-07 0.0124643 0.00213499 0.000294903 0.00200587 0.000293475
16 10946 64 1.33e-07 0.0130621 0.00218705 0.000326996 0.00216515 0.000325221
16 10946 64 1.5e-07 0.0130129 0.00222904 0.000327126 0.00217184 0.00032508
16 10946 64 1.59e-07 0.0129578 0.00219829 0.000326279 0.00218179 0.00032467
16 10946 64 1.59e-07 0.0131081 0.00219269 0.00032591 0.0021607 0.000338505
16 10946 64 1.43e-07 0.0124888 0.00207945 0.000298618 0.00212005 0.000292418
16 10946 64 1.54e-07 0.0130195 0.00218444 0.000326424 0.00217132 0.000325107
16 10946 64 1.63e-07 0.0122465 0.00204701 0.000296653 0.002155 0.000292995
16 10946 64 1.81e-07 0.0133439 0.00201724 0.000298811 0.00204255 0.000293094
16 10946 64 1.36e-07 0.0119808 0.00203494 0.000309032 0.00208595 0.000293103
16 10946 128 1.37e-07 0.0119275 0.00205634 0.00040532 0.00201141 0.000373102
16 10946 128 1.67e-07 0.0118841 0.00201003 0.000373416 0.00203587 0.000375649
16 10946 128 1.59e-07 0.011709 0.00190597 0.00032503 0.00184243 0.000326724
16 10946 128 1.4e-07 0.011656 0.00184376 0.000327081 0.00185678 0.000388387
16 10946 128 1.68e-07 0.0116811 0.00189281 0.000329822 0.00183618 0.000333043
16 10946 128 1.46e-07 0.0215544 0.00309438 0.000619042 0.00306832 0.000635676
16 10946 128 1.8e-07 0.0132302 0.00192339 0.000328478 0.00183794 0.000333953
16 10946 128 1.71e-07 0.0130855 0.00177144 0.000304474 0.00176747 0.000308008
16 10946 128 1.56e-07 0.0116698 0.00186429 0.000327377 0.00184582 0.000332879
16 10946 128 1.4e-07 0.0118551 0.00210093 0.000376046 0.00205582 0.000381883
16 10946 128 1.41e-07 0.011735 0.00201365 0.000375833 0.00203085 0.000382786
16 10946 128 1.4e-07 0.0117358 0.00188038 0.000329912 0.0018575 0.000333042
16 10946 128 3.15e-07 0.0163229 0.00179583 0.000304444 0.00177703 0.000307446
16 10946 128 2.97e-07 0.0119228 0.00221065 0.000414128 0.00217852 0.000421004
16 10946 128 1.54e-07 0.0118006 0.00204997 0.000377669 0.0020338 0.000382677
16 10946 128 1.47e-07 0.0117213 0.00206522 0.000376949 0.00204105 0.000382624
16 10946 128 1.38e-07 0.0116252 0.00207983 0.000375019 0.00202432 0.000382867
16 10946 128 1.32e-07 0.0117594 0.00185464 0.000327323 0.00188054 0.000332771
16 10946 128 1.47e-07 0.0117648 0.00187208 0.000327909 0.00191515 0.000383173
16 10946 128 2.82e-07 0.0206029 0.00182009 0.000299357 0.00181793 0.000304827
16 10946 128 1.22e-07 0.0191436 0.00300283 0.000621959 0.00296876 0.000633825
16 10946 128 1.89e-07 0.0137577 0.00194342 0.000375828 0.00177095 0.000320545
16 10946 128 1.71e-07 0.0197138 0.00293486 0.000301601 0.00173488 0.00030679
16 10946 128 1.66e-07 0.0109383 0.00175595 0.000303273 0.0017645 0.000394099
16 10946 128 1.59e-07 0.0110169 0.00195536 0.000317192 0.00173986 0.000306254
16 10946 128 1.41e-07 0.011679 0.0019071 0.000341061 0.00192492 0.000332791
16 10946 128 1.67e-07 0.0133317 0.00203098 0.0003722 0.00200328 0.000377301
16 10946 128 1.84e-07 0.0117216 0.00186189 0.000325154 0.0018461 0.00032857
16 10946 128 1.5e-07 0.0131948 0.00204705 0.000372253 0.00203539 0.000377103
16 10946 128 1.58e-07 0.0124954 0.00206434 0.000373788 0.00202243 0.000377211
16 10946 128 1.52e-07 0.0175857 0.00276416 0.000526523 0.0022491 0.000328709
16 10946 128 1.23e-07 0.0116406 0.00184646 0.000324022 0.00181096 0.000328165
16 10946 128 1.68e-07 0.0132486 0.00201473 0.000388156 0.00204106 0.000376708
16 10946 128 1.74e-07 0.0133455 0.00205709 0.000372583 0.00200383 0.00038026
16 10946 128 1.62e-07 0.0116564 0.001823 0.000324809 0.00187689 0.00032992
16 10946 128 1.41e-07 0.012987 0.0020278 0.000371867 0.0020045 0.000376815
16 10946 128 1.54e-07 0.0125735 0.00211216 0.000374898 0.00204745 0.000377957
16 10946 128 1.43e-07 0.0175678 0.00313817 0.00060936 0.00216368 0.000376653
16 10946 128 1.2e-07 0.0116671 0.00197099 0.00033022 0.00185349 0.000329648
16 10946 128 1.35e-07 0.0117561 0.00189173 0.000324856 0.00185962 0.000329124
16 10946 128 1.44e-07 0.0116866 0.00190643 0.000325687 0.00187833 0.000328392
16 10946 128 1.6e-07 0.015843 0.00256447 0.000461384 0.00237543 0.000482724
16 10946 128 1.56e-07 0.0117595 0.00185492 0.000325588 0.00189332 0.000328748
16 10946 128 2.03e-07 0.011743 0.00189135 0.00032665 0.00186923 0.000329281
16 10946 128 1.1e-07 0.0116338 0.00191333 0.00032505 0.00184275 0.000329248
16 10946 128 1.53e-07 0.0132865 0.0020777 0.000372671 0.00188068 0.000377362
16 10946 128 1.44e-07 0.0132629 0.00201667 0.00037226 0.00203411 0.000377213
16 10946 128 1.27e-07 0.011735 0.00186615 0.000325121 0.00186696 0.000328535
16 10946 128 1.37e-07 0.0117819 0.00212338 0.000374013 0.00201222 0.000376585
16 10946 128 1.2e-07 0.0116824 0.00184266 0.000331886 0.00184527 0.000329767
16 10946 128 1.45e-07 0.0116615 0.00187483 0.000326482 0.00185283 0.000329895
16 10946 128 1.26e-07 0.0177361 0.00180881 0.000305341 0.0017664 0.000323561
16 10946 128 1.42e-07 0.0116358 0.00185386 0.000334877 0.00183303 0.00033572
16 10946 128 1.23e-07 0.0108664 0.00179284 0.000304997 0.00179852 0.000385563
16 10946 128 1.52e-07 0.0108859 0.0020589 0.000376834 0.0020527 0.000384404
16 10946 128 1.53e-07 0.0117428 0.00220863 0.000421759 0.00218869 0.000426431
16 10946 128 1.7e-07 0.0135863 0.00207607 0.000356119 0.00183526 0.000335402
16 10946 128 1.48e-07 0.0117526 0.00185512 0.000330185 0.00191094 0.000384773
16 10946 128 1.54e-07 0.012077 0.00183946 0.000331892 0.00192535 0.000335251
16 10946 128 1.35e-07 0.0131874 0.00177627 0.000304574 0.00176451 0.000309185
16 10946 128 1.21e-07 0.0116892 0.00202427 0.000378728 0.00202925 0.00038687
16 10946 128 1.45e-07 0.0117583 0.00189772 0.000332006 0.00183718 0.000336288
16 10946 128 1.57e-07 0.0117353 0.00184113 0.000330739 0.00199716 0.000384941
16 10946 128 1.7e-07 0.0132601 0.00206746 0.000376656 0.00308499 0.000636526
16 10946 128 2.64e-07 0.0186968 0.00227426 0.00041682 0.00217139 0.000426283
16 10946 128 1.36e-07 0.0136475 0.00218495 0.00041759 0.00220172 0.000428309
16 10946 128 1.64e-07 0.0140467 0.00222098 0.000420531 0.00221728 0.000429133
16 10946 128 1.54e-07 0.0145741 0.00219921 0.000435144 0.00228793 0.000426261
16 10946 128 1.56e-07 0.0133418 0.00201502 0.000378233 0.00200472 0.000384502
16 10946 128 1.95e-07 0.0132446 0.0020842 0.00037722 0.00203408 0.00046867
16 10946 128 1.5e-07 0.0117896 0.00202397 0.000387858 0.00201331 0.000384582
16 10946 128 1.34e-07 0.0133199 0.00210641 0.000392766 0.00204969 0.000385017
16 10946 128 1.81e-07 0.0119845 0.00221292 0.000432412 0.00218356 0.000427114
16 10946 128 1.32e-07 0.0117613 0.00206168 0.000381514 0.00200619 0.000384322
16 10946 128 1.45e-07 0.0117549 0.00212965 0.00037829 0.00207089 0.000385641
16 10946 128 1.87e-07 0.0133041 0.00209345 0.000386405 0.00204597 0.000379215
16 10946 128 1.55e-07 0.0117139 0.00220221 0.000416291 0.00219865 0.000424519
16 10946 128 1.62e-07 0.0133699 0.00210933 0.000378039 0.001874 0.000333118
16 10946 128 1.91e-07 0.0133943 0.0020566 0.000376744 0.00194101 0.00038223
16 10946 128 1.45e-07 0.0118087 0.00187645 0.00032719 0.00194846 0.000382863
16 10946 128 1.75e-07 0.0134088 0.00217321 0.000411057 0.0019152 0.000333342
16 10946 128 1.21e-07 0.0116965 0.00189359 0.000330298 0.00199335 0.000383065
16 10946 128 2.45e-07 0.0134008 0.0020758 0.000437463 0.00219576 0.000428403
16 10946 128 1.78e-07 0.011737 0.00182147 0.000373272 0.00218425 0.000424631
16 10946 128 1.68e-07 0.0133045 0.00203432 0.000395289 0.00198735 0.000382343
16 10946 128 1.65e-07 0.0132776 0.00206553 0.000375669 0.00202219 0.000382793
16 10946 128 1.56e-07 0.0117979 0.00189618 0.000329197 0.00213715 0.000424459
16 10946 128 1.63e-07 0.0133887 0.00204206 0.000376967 0.00193839 0.000334933
16 10946 128 1.52e-07 0.0117042 0.00184483 0.000329871 0.00185215 0.00038436
16 10946 128 1.72e-07 0.0133299 0.00207776 0.000377649 0.0019822 0.000333081
16 10946 128 1.86e-07 0.0133549 0.00203509 0.000378786 0.00185511 0.000341119
16 10946 128 1.51e-07 0.0116489 0.00187661 0.000327308 0.00221251 0.000425862
16 10946 128 1.53e-07 0.0116953 0.00186816 0.000328003 0.00191131 0.000383001
16 10946 128 1.81e-07 0.0132721 0.0021221 0.000417714 0.00216809 0.000423656
16 10946 128 1.87e-07 0.0132896 0.00205031 0.000375956 0.0020109 0.000383049
16 10946 128 1.43e-07 0.0108434 0.00180284 0.00030657 0.0017595 0.000333723
16 10946 128 1.32e-07 0.0126901 0.00216368 0.000416098 0.00223863 0.000424068
16 10946 128 1.61e-07 0.0124168 0.00219648 0.000416795 0.0022358 0.000424049
16 10946 128 1.44e-07 0.0117658 0.00179379 0.000322569 0.00153174 0.000319553
16 10946 128 1.99e-07 0.0115463 0.00186778 0.00034548 0.00188046 0.000345354
16 10946 256 1.32e-07 0.0132577 0.00209519 0.000545528 0.00203517 0.000548928
16 10946 256 1.81e-07 0.0133717 0.00215254 0.000539324 0.00200471 0.00054865
16 10946 256 1.64e-07 0.013288 0.0018575 0.000469267 0.00192573 0.000479671
16 10946 256 3.35e-07 0.0167659 0.0021629 0.000938231 0.00317568 0.000918479
16 10946 256 2.88e-07 0.0167896 0.00239451 0.00065917 0.0023357 0.000481103
16 10946 256 1.62e-07 0.021143 0.00299392 0.000917636 0.00303102 0.000944123
16 10946 256 2.03e-07 0.0147049 0.00221492 0.000604986 0.00218952 0.000608736
16 10946 256 1.5e-07 0.0142368 0.00221643 0.000595267 0.00222188 0.000611012
16 10946 256 1.32e-07 0.0177416 0.00231272 0.000821088 0.00301531 0.000953295
16 10946 256 1.58e-07 0.0133347 0.00190372 0.000467513 0.00187552 0.000480031
16 10946 256 1.99e-07 0.0131139 0.00185219 0.000479759 0.00186426 0.000478882
16 10946 256 1.21e-07 0.0139869 0.00224033 0.000591349 0.00219622 0.000626558
16 10946 256 1.83e-07 0.0133415 0.00208753 0.0006105 0.0021844 0.000610351
16 10946 256 1.64e-07 0.0116983 0.00186356 0.000467623 0.00217332 0.000610572
16 10946 256 1.63e-07 0.0116904 0.00191529 0.000469049 0.00198942 0.000551299
16 10946 256 1.47e-07 0.011787 0.00190487 0.000467799 0.00223777 0.000609685
16 10946 256 1.69e-07 0.0117035 0.0019309 0.000463067 0.00198229 0.000551267
16 10946 256 1.48e-07 0.0117301 0.00186887 0.000470594 0.00199592 0.000550816
16 10946 256 1.63e-07 0.0133556 0.00211929 0.000535943 0.0018248 0.00047907
16 10946 256 3.07e-07 0.0117004 0.00191983 0.000467444 0.00194088 0.000549245
16 10946 256 2.02e-07 0.0133008 0.00220274 0.000595274 0.00219287 0.000609508
16 10946 256 1.37e-07 0.0116858 0.00187504 0.000469706 0.00219384 0.000610368
16 10946 256 1.18e-07 0.0109867 0.00184805 0.000430747 0.00174634 0.000524321
16 10946 256 1.45e-07 0.0116395 0.00314145 0.000876269 0.00240572 0.000684872
16 10946 256 1.76e-07 0.0116729 0.00193065 0.000465402 0.00185604 0.000551969
16 10946 256 1.34e-07 0.0116681 0.00191168 0.00046598 0.001828 0.000477491
16 10946 256 1.37e-07 0.0117411 0.00195181 0.000463197 0.00185912 0.000481166
16 10946 256 1.66e-07 0.0133237 0.00212685 0.000551412 0.00204119 0.000548039
16 10946 256 1.45e-07 0.0116902 0.00195314 0.000466989 0.00184221 0.000477691
16 10946 256 1.65e-07 0.0116357 0.00188193 0.000465336 0.00186292 0.000477511
16 10946 256 1.45e-07 0.0132733 0.00204256 0.000533856 0.00203612 0.000547041
16 10946 256 1.3e-07 0.0117524 0.00187392 0.000465708 0.00186477 0.000477123
16 10946 256 1.63e-07 0.0132645 0.00213361 0.000530844 0.00206247 0.000548556
16 10946 256 1.59e-07 0.0117827 0.00187821 0.000465712 0.00186688 0.000477798
16 10946 256 1.53e-07 0.0117176 0.00189052 0.000463897 0.00186386 0.000476965
16 10946 256 1.81e-07 0.0132884 0.00203725 0.000546988 0.00201302 0.000548451
16 10946 256 1.45e-07 0.0117048 0.00189799 0.000484396 0.00182018 0.000478203
16 10946 256 1.4e-07 0.0134864 0.00209558 0.000534258 0.00202995 0.000548357
16 10946 256 1.6e-07 0.0132689 0.00222174 0.000531302 0.00200833 0.000550974
16 10946 256 1.55e-07 0.0118142 0.00206412 0.000536066 0.00204059 0.000548595
16 10946 256 1.21e-07 0.0117658 0.00212948 0.000533064 0.00203414 0.000547342
16 10946 256 1.34e-07 0.0119254 0.00209298 0.000555242 0.00202734 0.000548105
16 10946 256 1.58e-07 0.0117906 0.00205113 0.000534484 0.00203578 0.000548595
16 10946 256 1.24e-07 0.011741 0.00209871 0.000533227 0.00203117 0.000548484
16 10946 256 1.43e-07 0.0116386 0.00207122 0.000533523 0.00202309 0.000548825
16 10946 256 1.5e-07 0.0116412 0.00204687 0.000533861 0.00203455 0.000567795
16 10946 256 1.4e-07 0.0116941 0.00192703 0.000462535 0.00185955 0.00047969
16 10946 256 1.59e-07 0.0116509 0.00191161 0.000466102 0.00207834 0.000548657
16 10946 256 1.59e-07 0.011625 0.00188604 0.000464511 0.00186999 0.000552807
16 10946 256 1.63e-07 0.0116317 0.00192093 0.000469492 0.0018546 0.000480532
16 10946 256 1.55e-07 0.0116692 0.00190985 0.000468465 0.0018927 0.000479217
16 10946 256 1.4e-07 0.011713 0.00189329 0.0004674 0.00183618 0.000482901
16 10946 256 1.64e-07 0.0116928 0.00194312 0.000480282 0.00188208 0.00048117
16 10946 256 2.61e-07 0.013395 0.00208691 0.000555188 0.00203287 0.000551238
16 10946 256 1.41e-07 0.0116432 0.00191855 0.000469204 0.00185868 0.000479399
16 10946 256 1.52e-07 0.0117218 0.00184023 0.000468227 0.00303997 0.000919448
16 10946 256 2.7e-07 0.0195816 0.00186465 0.000465348 0.00186934 0.000479656
16 10946 256 1.56e-07 0.0118168 0.00205252 0.00055715 0.00203367 0.00055011
16 10946 256 1.79e-07 0.0118518 0.00203226 0.000539321 0.00206843 0.000551022
16 10946 256 1.72e-07 0.0120104 0.00219073 0.000617135 0.00219058 0.000610691
16 10946 256 1.62e-07 0.0117279 0.00210254 0.000536231 0.00207435 0.000551787
16 10946 256 1.31e-07 0.0109017 0.00239337 0.000665875 0.00238004 0.000687335
16 10946 256 1.27e-07 0.0116954 0.00205995 0.000537598 0.00222865 0.000548734
16 10946 256 1.41e-07 0.0116965 0.00210779 0.000534558 0.00218589 0.000550407
16 10946 256 1.47e-07 0.0116981 0.00204117 0.00053775 0.00203844 0.000554182
16 10946 256 1.42e-07 0.0117224 0.00186181 0.000469917 0.00186092 0.000480168
16 10946 256 1.49e-07 0.0117172 0.00184962 0.000473345 0.00186824 0.000478933
16 10946 256 1.35e-07 0.0132529 0.0021241 0.000539119 0.00204526 0.000564796
16 10946 256 1.67e-07 0.0116847 0.00188878 0.000470301 0.00184139 0.000480425
16 10946 256 1.36e-07 0.0127824 0.00216909 0.000537498 0.00212996 0.000549984
16 10946 256 1.43e-07 0.011658 0.00186148 0.000467245 0.00185521 0.000479353
16 10946 256 1.49e-07 0.0146805 0.00213568 0.000429788 0.00176211 0.00044293
16 10946 256 1.33e-07 0.0116605 0.00190021 0.000466724 0.00205145 0.000548911
16 10946 256 1.37e-07 0.0116415 0.00185974 0.000549876 0.00183692 0.000479048
16 10946 256 1.27e-07 0.0117061 0.00186266 0.000471574 0.00190398 0.000486517
16 10946 256 1.75e-07 0.0120483 0.00179623 0.000430563 0.00176334 0.00044649
16 10946 256 1.7e-07 0.0121043 0.00201195 0.000541024 0.00203134 0.000558616
16 10946 256 1.37e-07 0.0118665 0.00302514 0.000533187 0.00204733 0.000568716
16 10946 256 1.75e-07 0.0145269 0.0023609 0.000672848 0.00239374 0.000696413
16 10946 256 1.63e-07 0.0125653 0.00204401 0.000540217 0.00212584 0.000575395
16 10946 256 1.74e-07 0.0125089 0.00213532 0.000540254 0.00203918 0.00055829
16 10946 256 1.46e-07 0.0116437 0.00183409 0.000477819 0.00182954 0.000486202
16 10946 256 1.58e-07 0.0138376 0.00218923 0.0005984 0.00221056 0.000625209
16 10946 256 1.93e-07 0.0135548 0.00181207 0.000434745 0.00181761 0.000448335
16 10946 256 1.39e-07 0.0117753 0.00208387 0.000540822 0.00204931 0.000559765
16 10946 256 1.5e-07 0.0132672 0.00179563 0.000436005 0.00181102 0.000448362
16 10946 256 1.2e-07 0.0132974 0.00178642 0.000436288 0.00180609 0.000447008
16 10946 256 1.28e-07 0.0124217 0.00228196 0.000441741 0.00177299 0.000448014
16 10946 256 1.76e-07 0.0128595 0.00188537 0.000469969 0.0018255 0.000485753
16 10946 256 2.47e-07 0.0206067 0.00194724 0.000431172 0.00178189 0.000458575
16 10946 256 1.77e-07 0.0117038 0.00203129 0.00054019 0.00201774 0.00057508
16 10946 256 1.27e-07 0.011654 0.00200167 0.00048537 0.00185103 0.000485543
16 10946 256 1.37e-07 0.0122171 0.00207295 0.000541993 0.00207315 0.000558923
16 10946 256 1.66e-07 0.0136612 0.00220405 0.000613785 0.00217445 0.000619304
16 10946 256 1.56e-07 0.0132532 0.00202725 0.00053974 0.00203182 0.000557565
16 10946 256 1.45e-07 0.0109462 0.00187921 0.00047215 0.00187738 0.000487425
16 10946 256 2.15e-07 0.0117432 0.00201717 0.000542615 0.00204302 0.000558713
16 10946 256 1.62e-07 0.0121397 0.0021955 0.00060318 0.00219622 0.00062295
16 10946 256 1.44e-07 0.0118878 0.00209013 0.000562124 0.00198603 0.000559912
16 10946 256 1.46e-07 0.0117387 0.0018742 0.000475084 0.0018551 0.000488818
16 10946 512 1.5e-07 0.0127858 0.00218803 0.000994367 0.0022956 0.000996357
16 10946 512 1.54e-07 0.0127119 0.00207689 0.000883798 0.00200165 0.000897776
16 10946 512 1.48e-07 0.0129286 0.00203382 0.000900901 0.00200376 0.000897008
16 10946 512 1.49e-07 0.0129291 0.00199986 0.00088085 0.00198274 0.000897885
16 10946 512 1.71e-07 0.0129334 0.00204298 0.000882322 0.0020094 0.000907697
16 10946 512 1.33e-07 0.0130603 0.00203507 0.000880239 0.00204765 0.000902446
16 10946 512 1.38e-07 0.0132124 0.00204734 0.000881054 0.00205011 0.000898055
16 10946 512 1.31e-07 0.0116918 0.00192117 0.000783718 0.00182952 0.000784639
16 10946 512 1.46e-07 0.0116987 0.0018674 0.000768901 0.00192016 0.000782918
16 10946 512 1.58e-07 0.0132481 0.00209309 0.000880356 0.00202863 0.000897486
16 10946 512 1.25e-07 0.0116407 0.00183982 0.000781792 0.00180297 0.000793034
16 10946 512 1.78e-07 0.0132965 0.00210385 0.000886938 0.00206472 0.000897225
16 10946 512 1.47e-07 0.0116515 0.00187901 0.000768091 0.00184359 0.000782486
16 10946 512 1.23e-07 0.0116504 0.00191228 0.000765996 0.00310277 0.00152879
16 10946 512 2.24e-07 0.0212874 0.00190075 0.000722537 0.00179813 0.000720823
16 10946 512 1.39e-07 0.0124115 0.00179151 0.00071015 0.00179199 0.000720936
16 10946 512 1.38e-07 0.0131911 0.00179415 0.000708512 0.00176843 0.000719778
16 10946 512 1.36e-07 0.012433 0.00176559 0.000707305 0.00178175 0.000719795
16 10946 512 1.27e-07 0.0117105 0.00187041 0.000769472 0.00183575 0.000783023
16 10946 512 1.59e-07 0.0146835 0.00218996 0.000977047 0.00216486 0.000929068
16 10946 512 1.33e-07 0.0116988 0.00190677 0.000770493 0.00193477 0.000901056
16 10946 512 1.34e-07 0.0117598 0.00188823 0.000766759 0.00185282 0.000898342
16 10946 512 1.43e-07 0.0117293 0.00188915 0.000763749 0.00183972 0.000856863
16 10946 512 1.33e-07 0.0118117 0.00193688 0.000764791 0.00182856 0.000907151
16 10946 512 1.4e-07 0.0117055 0.00186915 0.000764256 0.00180182 0.000796994
16 10946 512 1.55e-07 0.0116556 0.00185111 0.000763108 0.00187079 0.000892413
16 10946 512 1.38e-07 0.0117447 0.0019115 0.000767636 0.00192955 0.000806741
16 10946 512 1.61e-07 0.0117294 0.00184874 0.000777134 0.00184102 0.000774228
16 10946 512 1.29e-07 0.0116306 0.00184512 0.000763422 0.00183122 0.000778585
16 10946 512 2.83e-07 0.013334 0.00205869 0.000883028 0.00200413 0.000889172
16 10946 512 1.51e-07 0.0116993 0.00188099 0.000765416 0.00184315 0.000774521
16 10946 512 1.5e-07 0.0116513 0.00183316 0.000760402 0.00181377 0.00077351
16 10946 512 1.46e-07 0.0109252 0.00203365 0.000876228 0.00204817 0.000890096
16 10946 512 1.54e-07 0.0117327 0.00206171 0.000875031 0.00252791 0.000890504
16 10946 512 1.38e-07 0.0116566 0.00184407 0.000762195 0.00180703 0.000775326
16 10946 512 1.49e-07 0.0108901 0.00176837 0.000706966 0.00189149 0.000888675
16 10946 512 1.22e-07 0.0109009 0.00177179 0.000704723 0.00195004 0.000889864
16 10946 512 1.42e-07 0.0116007 0.00189639 0.000763273 0.0017903 0.00079249
16 10946 512 1.36e-07 0.0120913 0.00209169 0.00087519 0.0020162 0.00090301
16 10946 512 1.45e-07 0.0171979 0.00311511 0.00147193 0.00300502 0.00147921
16 10946 512 1.31e-07 0.0116343 0.00183646 0.000761525 0.00192157 0.000773961
16 10946 512 1.68e-07 0.0132753 0.00202804 0.000891398 0.00197673 0.000888496
16 10946 512 1.4e-07 0.0132979 0.00199791 0.000887891 0.0020592 0.000890237
16 10946 512 1.35e-07 0.013238 0.00200834 0.00089048 0.00201964 0.000889927
16 10946 512 1.22e-07 0.0117668 0.00187462 0.000761787 0.00185217 0.000773474
16 10946 512 1.83e-07 0.0133723 0.00210845 0.000877404 0.00210697 0.000889113
16 10946 512 1.5e-07 0.0116552 0.00182054 0.000761566 0.0018316 0.000774506
16 10946 512 1.33e-07 0.0131978 0.00201012 0.000879124 0.00204331 0.000893309
16 10946 512 1.41e-07 0.0132579 0.00191983 0.000896885 0.00199419 0.000895619
16 10946 512 1.27e-07 0.0117081 0.00184192 0.00076842 0.00181245 0.000783031
16 10946 512 2.2e-07 0.0132761 0.00202638 0.000895472 0.00202324 0.000894399
16 10946 512 1.45e-07 0.0117008 0.00185471 0.000783377 0.00184401 0.00077983
16 10946 512 1.73e-07 0.0132734 0.00204497 0.000884891 0.0020087 0.000896232
16 10946 512 1.69e-07 0.011737 0.00185002 0.00077142 0.0018414 0.000779725
16 10946 512 1.57e-07 0.0132578 0.00204166 0.000898571 0.00197306 0.000896009
16 10946 512 1.26e-07 0.0121409 0.00203834 0.000881727 0.00204884 0.000893896
16 10946 512 1.44e-07 0.0133507 0.00204989 0.000895221 0.0020216 0.00089419
16 10946 512 1.54e-07 0.0116972 0.00195119 0.00078381 0.00186853 0.000780556
16 10946 512 1.68e-07 0.0116439 0.00191853 0.000771204 0.00190063 0.000779542
16 10946 512 1.73e-07 0.0117236 0.00188774 0.000774133 0.00192571 0.000787047
16 10946 512 1.46e-07 0.0116659 0.00187585 0.000770996 0.0018928 0.000896673
16 10946 512 1.37e-07 0.0116613 0.00185869 0.000783824 0.00184082 0.000782968
16 10946 512 1.32e-07 0.0216315 0.00315564 0.00146388 0.00302853 0.00148936
16 10946 512 1.5e-07 0.0122115 0.0020371 0.000887987 0.00202968 0.000895184
16 10946 512 2.27e-07 0.0121966 0.00201094 0.00088207 0.00199327 0.000893344
16 10946 512 1.7e-07 0.012154 0.00201081 0.000883663 0.00203936 0.000896002
16 10946 512 1.48e-07 0.0132906 0.0020315 0.000883958 0.00207125 0.000894595
16 10946 512 1.39e-07 0.0116943 0.0018717 0.00076869 0.00182163 0.000779911
16 10946 512 1.54e-07 0.0131032 0.00201349 0.000881812 0.00204597 0.000894236
16 10946 512 1.6e-07 0.013317 0.00210833 0.000896587 0.00203707 0.000909176
16 10946 512 1.54e-07 0.0117908 0.00185872 0.000770345 0.00182145 0.000780069
16 10946 512 1.44e-07 0.0116938 0.00186773 0.000767469 0.00193798 0.000781044
16 10946 512 1.6e-07 0.0134094 0.00203534 0.000896975 0.00201641 0.000892878
16 10946 512 1.59e-07 0.011669 0.00186058 0.000768044 0.00179998 0.000776718
16 10946 512 1.74e-07 0.0132257 0.00204255 0.000894271 0.00197987 0.000892148
16 10946 512 1.59e-07 0.0117592 0.00185872 0.000769194 0.00184748 0.000776356
16 10946 512 1.32e-07 0.0132756 0.00204531 0.000883179 0.00208648 0.000893335
16 10946 512 1.82e-07 0.0132931 0.00201075 0.000895415 0.00205646 0.000892595
16 10946 512 1.35e-07 0.0117325 0.00182798 0.000767894 0.00181701 0.000777306
16 10946 512 1.57e-07 0.0133103 0.00204805 0.000896727 0.00201536 0.000891158
16 10946 512 1.6e-07 0.0116381 0.00184316 0.000767115 0.00182285 0.000779572
16 10946 512 1.67e-07 0.0133033 0.00198336 0.000897506 0.00197376 0.000897382
16 10946 512 1.61e-07 0.0116906 0.00183485 0.000765894 0.00182325 0.000776611
16 10946 512 1.42e-07 0.0130712 0.00206378 0.000878245 0.00200765 0.000905883
16 10946 512 1.37e-07 0.0130012 0.00210152 0.000880796 0.00213112 0.000905226
16 10946 512 1.37e-07 0.0125247 0.00202004 0.000879654 0.00199005 0.000897167
16 10946 512 1.6e-07 0.0112107 0.00181784 0.000708575 0.00171829 0.000716939
16 10946 512 1.5e-07 0.0112044 0.00190785 0.000709609 0.00175657 0.000717087
16 10946 512 1.37e-07 0.0116945 0.00186009 0.000791302 0.0018661 0.000776994
16 10946 512 1.22e-07 0.0116772 0.00206088 0.000879039 0.0020832 0.000893643
16 10946 512 1.59e-07 0.0132381 0.0017603 0.000706595 0.00184404 0.00071592
16 10946 512 1.37e-07 0.0117752 0.00203408 0.000880747 0.00198907 0.000892037
16 10946 512 1.29e-07 0.0116454 0.00185069 0.000767207 0.00180846 0.000777291
16 10946 512 1.63e-07 0.0116689 0.00185978 0.00076706 0.00180444 0.000777559
16 10946 512 1.59e-07 0.0117175 0.00185131 0.000780779 0.00185549 0.000778547
16 10946 512 1.28e-07 0.0117775 0.00205857 0.000876493 0.0020431 0.000892124
16 10946 512 1.46e-07 0.0116481 0.00208357 0.000880582 0.00209361 0.000891612
16 10946 512 1.49e-07 0.0117171 0.00185594 0.000771665 0.00183334 0.000800236
16 10946 512 1.62e-07 0.0118398 0.00186584 0.000771698 0.00183503 0.000785997
16 10946 512 1.46e-07 0.0116825 0.00190709 0.000772276 0.00186912 0.000787512
16 10946 1024 1.49e-07 0.011709 0.00185769 0.00156258 0.00200816 0.0015698
16 10946 1024 1.43e-07 0.013259 0.00204701 0.00157886 0.002044 0.001555
16 10946 1024 1.39e-07 0.0131358 0.00205163 0.00157925 0.00204631 0.00155052
16 10946 1024 1.41e-07 0.0132726 0.00205497 0.00159793 0.002005 0.00153457
16 10946 1024 1.29e-07 0.011643 0.00183729 0.00139566 0.00183376 0.00137064
16 10946 1024 1.37e-07 0.0117959 0.0019016 0.00137791 0.0018439 0.00137437
16 10946 1024 1.35e-07 0.0170304 0.00305556 0.002664 0.00303962 0.00261316
16 10946 1024 1.33e-07 0.0116406 0.00192044 0.0013901 0.00179661 0.00135362
16 10946 1024 1.64e-07 0.0117199 0.00188868 0.00139756 0.0018331 0.00135369
16 10946 1024 1.64e-07 0.0116804 0.00194568 0.00138204 0.00183638 0.00137619
16 10946 1024 1.4e-07 0.0117628 0.00203739 0.00138011 0.0019091 0.00157165
16 10946 1024 1.33e-07 0.0109296 0.00194403 0.00127401 0.00218385 0.00172892
16 10946 1024 1.41e-07 0.0108803 0.00173582 0.00127465 0.00205566 0.00155715
16 10946 1024 1.22e-07 0.0109057 0.0017913 0.00127108 0.0020143 0.00155581
16 10946 1024 1.46e-07 0.0117149 0.00189709 0.00137781 0.00192393 0.00155631
16 10946 1024 1.47e-07 0.0117096 0.00184846 0.00138865 0.00201833 0.00155691
16 10946 1024 1.39e-07 0.0108715 0.00175373 0.00127518 0.00204041 0.00172605
16 10946 1024 1.65e-07 0.013354 0.00211371 0.00152145 0.00185806 0.0013555
16 10946 1024 1.69e-07 0.013305 0.00187168 0.00139558 0.00184254 0.00135604
16 10946 1024 3.23e-07 0.0133051 0.0020329 0.00160337 0.00200087 0.0015703
16 10946 1024 1.36e-07 0.0120452 0.00240714 0.00197411 0.00236752 0.00196114
16 10946 1024 1.82e-07 0.0133427 0.00217644 0.00160223 0.00202986 0.00157013
16 10946 1024 1.42e-07 0.0144516 0.00221195 0.00176833 0.00215524 0.00156369
16 10946 1024 1.64e-07 0.0133093 0.00207959 0.00158726 0.0018365 0.00135226
16 10946 1024 1.51e-07 0.0117965 0.00188388 0.00142337 0.00203787 0.00155169
16 10946 1024 1.31e-07 0.0117139 0.00192508 0.00171622 0.00218222 0.00173716
16 10946 1024 1.61e-07 0.0132372 0.00190413 0.00140228 0.00195042 0.00135082
16 10946 1024 1.43e-07 0.0121898 0.00218679 0.0017549 0.00216924 0.00173175
16 10946 1024 1.25e-07 0.0121391 0.00203367 0.00159341 0.00198423 0.00155169
16 10946 1024 1.34e-07 0.0127865 0.0021858 0.00176718 0.00223152 0.00173858
16 10946 1024 1.5e-07 0.0137179 0.00227792 0.00178165 0.00219339 0.00173963
16 10946 1024 1.61e-07 0.0132944 0.00207211 0.00158492 0.00200786 0.001433
16 10946 1024 1.83e-07 0.0133019 0.00212703 0.00151189 0.00182878 0.00135224
16 10946 1024 1.82e-07 0.0133747 0.00184803 0.00137836 0.00184853 0.00135163
16 10946 1024 1.53e-07 0.0120668 0.0022248 0.00175582 0.00222033 0.00172371
16 10946 1024 1.36e-07 0.0128195 0.00220184 0.00176893 0.00219307 0.00174059
16 10946 1024 1.32e-07 0.0176137 0.00266608 0.00203616 0.00178504 0.00124451
16 10946 1024 1.85e-07 0.0117088 0.00184532 0.00137751 0.00202885 0.00156903
16 10946 1024 1.31e-07 0.0117409 0.00181887 0.00164455 0.00216484 0.00173801
16 10946 1024 1.65e-07 0.0132605 0.00184084 0.00139391 0.00184511 0.00135394
16 10946 1024 1.56e-07 0.0119065 0.00217412 0.00176694 0.00216492 0.00173857
16 10946 1024 1.84e-07 0.0146386 0.00244692 0.00198657 0.00240318 0.00193926
16 10946 1024 1.18e-07 0.0181237 0.0026448 0.00159996 0.00181431 0.00126392
16 10946 1024 1.59e-07 0.0132874 0.00207026 0.0015857 0.00201408 0.00155177
16 10946 1024 2.12e-07 0.01335 0.00206114 0.00148538 0.00181793 0.00136052
16 10946 1024 1.64e-07 0.013329 0.00205594 0.00159065 0.00189639 0.0013567
16 10946 1024 1.32e-07 0.0126898 0.00176967 0.00127207 0.00178598 0.00127512
16 10946 1024 1.25e-07 0.0124935 0.00175099 0.00127303 0.00184276 0.00124907
16 10946 1024 1.23e-07 0.0117513 0.00207887 0.00159139 0.00204537 0.00157731
16 10946 1024 1.8e-07 0.0134017 0.00204842 0.00158954 0.00202534 0.00155805
16 10946 1024 1.43e-07 0.017068 0.00265597 0.00226374 0.00200479 0.00135814
16 10946 1024 1.59e-07 0.0133557 0.00203736 0.00150488 0.00183505 0.00136613
16 10946 1024 1.61e-07 0.0116347 0.00189122 0.001688 0.00215986 0.00174623
16 10946 1024 1.86e-07 0.0133837 0.00183992 0.00138472 0.0018559 0.00135796
16 10946 1024 1.84e-07 0.0132318 0.00191818 0.00139921 0.00186357 0.00135701
16 10946 1024 1.61e-07 0.0132049 0.00205918 0.00161465 0.00202206 0.00157339
16 10946 1024 1.56e-07 0.0141142 0.00240778 0.00199995 0.00237175 0.00195833
16 10946 1024 1.38e-07 0.0185442 0.00229262 0.00128372 0.00175404 0.00127792
16 10946 1024 1.46e-07 0.0116549 0.00190716 0.00174297 0.00214538 0.00174947
16 10946 1024 1.34e-07 0.0201631 0.00237989 0.00127862 0.00185848 0.00127625
16 10946 1024 1.55e-07 0.0117494 0.00189332 0.00170325 0.00222847 0.00175489
16 10946 1024 1.5e-07 0.0132263 0.00187899 0.0013916 0.001828 0.00135444
16 10946 1024 1.42e-07 0.0118182 0.00204084 0.00160564 0.00204002 0.00157518
16 10946 1024 1.55e-07 0.0121201 0.00221998 0.00175752 0.00216748 0.00173045
16 10946 1024 1.92e-07 0.0163467 0.00250531 0.00198039 0.00214643 0.00136391
16 10946 1024 1.56e-07 0.0126714 0.00217728 0.00176688 0.00216867 0.00180106
16 10946 1024 1.53e-07 0.0132317 0.00204782 0.00158332 0.00209319 0.00155901
16 10946 1024 1.33e-07 0.0116506 0.00182742 0.00139495 0.00185915 0.00136388
16 10946 1024 1.66e-07 0.0133403 0.00202381 0.00158672 0.00200483 0.00135552
16 10946 1024 1.45e-07 0.0116956 0.00184394 0.00137693 0.00197939 0.00155364
16 10946 1024 1.61e-07 0.01168 0.00191959 0.00142281 0.00202512 0.00156291
16 10946 1024 1.24e-07 0.0118032 0.00204631 0.00159983 0.0019426 0.00155471
16 10946 1024 1.5e-07 0.0120637 0.00217694 0.0017559 0.00217478 0.00172365
16 10946 1024 1.8e-07 0.0131829 0.00237736 0.00200222 0.00239346 0.00194907
16 10946 1024 1.76e-07 0.0137332 0.00219011 0.00176307 0.00220405 0.00173344
16 10946 1024 1.74e-07 0.0132896 0.00206448 0.0015848 0.00200606 0.00141677
16 10946 1024 1.63e-07 0.013278 0.00203079 0.00161816 0.00185968 0.00136935
16 10946 1024 1.29e-07 0.0110156 0.00178334 0.00127647 0.00214692 0.00172642
16 10946 1024 1.53e-07 0.0116918 0.00195924 0.00148178 0.00200196 0.00157346
16 10946 1024 1.32e-07 0.0116522 0.00183685 0.0015488 0.00216773 0.00175209
16 10946 1024 1.64e-07 0.0191652 0.00296599 0.00266385 0.00295364 0.00261353
16 10946 1024 1.65e-07 0.0116578 0.0018185 0.0015727 0.00215075 0.00174582
16 10946 1024 1.6e-07 0.0132086 0.00189473 0.00139258 0.00184114 0.0013541
16 10946 1024 1.64e-07 0.0116954 0.00217463 0.00177735 0.00218725 0.00175636
16 10946 1024 1.62e-07 0.0120149 0.00218371 0.00177329 0.00215508 0.00174578
16 10946 1024 1.55e-07 0.0121417 0.00202413 0.00157877 0.0020114 0.00155299
16 10946 1024 1.45e-07 0.0128881 0.00189713 0.00240865 0.00231163 0.0017299
16 10946 1024 2.55e-07 0.014732 0.00203943 0.00158504 0.00201555 0.00155426
16 10946 1024 1.68e-07 0.0145018 0.00214525 0.00176818 0.00215393 0.00172496
16 10946 1024 1.57e-07 0.0148887 0.00219558 0.0017611 0.00189934 0.00135388
16 10946 1024 1.46e-07 0.011674 0.0018395 0.00144973 0.00199731 0.00155989
16 10946 1024 1.55e-07 0.0116719 0.0019023 0.00165358 0.00215171 0.00174733
16 10946 1024 1.32e-07 0.0116971 0.00188077 0.00138553 0.00183147 0.0013701
16 10946 1024 1.17e-07 0.0109312 0.00178419 0.00140895 0.0022702 0.00174403
16 10946 1024 1.54e-07 0.0116753 0.00188853 0.00171572 0.00217976 0.0017447
16 10946 1024 2.21e-07 0.0133163 0.00189608 0.00138504 0.00184531 0.00137164
16 10946 1024 1.59e-07 0.0116763 0.00192575 0.00141688 0.00198584 0.00155585
16 10946 1024 1.58e-07 0.0191836 0.00301575 0.0026648 0.0030191 0.00267402
16 10946 1024 1.82e-07 0.0135514 0.00183083 0.00160293 0.00199492 0.00155775
16 10946 1024 2.7e-07 0.0165825 0.00169305 0.00133977 0.00186979 0.0013
16 10946 2048 1.24e-07 0.0147061 0.00220704 0.00242309 0.00181832 0.00229416
16 10946 2048 2.9e-07 0.0197156 0.0018898 0.00260447 0.00196676 0.00248972
16 10946 2048 1.48e-07 0.0131474 0.00221274 0.00330352 0.00215489 0.00319152
16 10946 2048 1.43e-07 0.0217776 0.00311072 0.0049786 0.00301569 0.00478982
16 10946 2048 1.67e-07 0.0163839 0.00241052 0.00314798 0.00173742 0.00231291
16 10946 2048 1.7e-07 0.0133099 0.00191111 0.0026203 0.0018413 0.00250415
16 10946 2048 1.52e-07 0.0128698 0.00194291 0.0026031 0.0018065 0.00250052
16 10946 2048 1.76e-07 0.0129884 0.00221638 0.003293 0.00226024 0.00319141
16 10946 2048 1.63e-07 0.0205776 0.00213301 0.00243999 0.00314556 0.00478653
16 10946 2048 2.9e-07 0.0175244 0.00240342 0.00374963 0.00199923 0.00249314
16 10946 2048 1.28e-07 0.0110115 0.00191423 0.00300268 0.00230381 0.003174
16 10946 2048 1.6e-07 0.019469 0.00311565 0.00496078 0.00306551 0.00478197
16 10946 2048 1.24e-07 0.0111388 0.00227443 0.00331235 0.00226608 0.00317263
16 10946 2048 1.37e-07 0.0120523 0.00218096 0.0029593 0.0021002 0.00285795
16 10946 2048 1.65e-07 0.0164282 0.00241238 0.0032393 0.00180173 0.00232115
16 10946 2048 1.5e-07 0.0117575 0.00183953 0.00313555 0.00220372 0.00316748
16 10946 2048 1.5e-07 0.012079 0.00224951 0.00336767 0.00221371 0.00317946
16 10946 2048 1.46e-07 0.0157357 0.00267959 0.00425203 0.00268919 0.00261833
16 10946 2048 1.62e-07 0.0133075 0.00203259 0.00328279 0.0022016 0.00318214
16 10946 2048 1.88e-07 0.0146953 0.00219067 0.00270786 0.00183257 0.00248409
16 10946 2048 1.57e-07 0.0117761 0.00210853 0.00298904 0.0020176 0.00287413
16 10946 2048 1.14e-07 0.011024 0.00200342 0.00298696 0.00202882 0.0028664
16 10946 2048 1.49e-07 0.0128579 0.00215783 0.0033292 0.00212544 0.0031909
16 10946 2048 1.3e-07 0.0129902 0.00211639 0.00295899 0.0020592 0.0028903
16 10946 2048 1.45e-07 0.0116592 0.00181461 0.00261403 0.00180191 0.00250113
16 10946 2048 1.46e-07 0.011657 0.00184921 0.00257254 0.00180484 0.00248144
16 10946 2048 1.5e-07 0.0108737 0.00177281 0.00243037 0.00201479 0.00286476
16 10946 2048 1.42e-07 0.01184 0.00208143 0.0029754 0.00199796 0.0028682
16 10946 2048 1.68e-07 0.0132971 0.00201975 0.0029741 0.00195498 0.00247899
16 10946 2048 1.45e-07 0.0137404 0.00218335 0.00330924 0.00223647 0.00310172
16 10946 2048 1.37e-07 0.0130315 0.002041 0.00296766 0.00201813 0.00275861
16 10946 2048 1.61e-07 0.0117165 0.0018854 0.00258948 0.00184254 0.0024983
16 10946 2048 1.57e-07 0.0117462 0.00187386 0.00257713 0.00182201 0.00247981
16 10946 2048 1.3e-07 0.0108601 0.00187649 0.00297053 0.00200344 0.00287198
16 10946 2048 1.48e-07 0.011705 0.00183225 0.00258298 0.00182401 0.00248301
16 10946 2048 1.65e-07 0.0122133 0.00203011 0.0029823 0.00200279 0.00287012
16 10946 2048 1.62e-07 0.0126217 0.00212876 0.00299211 0.00205227 0.00288199
16 10946 2048 1.55e-07 0.013145 0.00210298 0.00298499 0.00204089 0.00265843
16 10946 2048 1.49e-07 0.0116941 0.00188311 0.0025895 0.00194765 0.00248735
16 10946 2048 1.32e-07 0.0108639 0.00184826 0.00239337 0.00309873 0.00478905
16 10946 2048 2.85e-07 0.0169608 0.00209753 0.0029926 0.00198397 0.00286909
16 10946 2048 1.38e-07 0.0146651 0.00226333 0.00328745 0.00176758 0.00229899
16 10946 2048 1.51e-07 0.010914 0.00178921 0.00238996 0.00199744 0.00287328
16 10946 2048 1.59e-07 0.0117234 0.00189049 0.00258862 0.00184005 0.00248925
16 10946 2048 1.17e-07 0.0117008 0.00208865 0.0030469 0.00206204 0.00287604
16 10946 2048 1.3e-07 0.012825 0.00218756 0.00332709 0.00229311 0.00318277
16 10946 2048 1.74e-07 0.0132474 0.00204704 0.00299116 0.00203127 0.00265248
16 10946 2048 1.45e-07 0.011655 0.00187693 0.00259517 0.00190069 0.0024896
16 10946 2048 1.52e-07 0.0117153 0.00195926 0.002581 0.00187262 0.00248618
16 10946 2048 1.25e-07 0.0117241 0.00203628 0.00299182 0.00200001 0.00287104
16 10946 2048 2.82e-07 0.0128181 0.00221819 0.00330286 0.00219241 0.0031987
16 10946 2048 1.23e-07 0.0129621 0.00200883 0.00296231 0.00198869 0.00285477
16 10946 2048 1.35e-07 0.0117782 0.00186353 0.00259321 0.00181782 0.00250046
16 10946 2048 1.43e-07 0.0109405 0.0017842 0.00238292 0.00209387 0.00287048
16 10946 2048 1.38e-07 0.0139374 0.00244526 0.00373148 0.00245229 0.00327971
16 10946 2048 1.34e-07 0.0116649 0.00185319 0.00259033 0.00183071 0.00256207
16 10946 2048 1.59e-07 0.0117047 0.0018814 0.00260532 0.00184015 0.00250059
16 10946 2048 1.42e-07 0.0116942 0.00182113 0.00260145 0.0018316 0.00248607
16 10946 2048 1.58e-07 0.0116371 0.00184983 0.00259568 0.00182616 0.00248755
16 10946 2048 1.4e-07 0.0116885 0.00188373 0.00269177 0.00201628 0.00287551
16 10946 2048 1.5e-07 0.0117707 0.00193533 0.00258726 0.00186846 0.0024893
16 10946 2048 1.63e-07 0.0116928 0.00206334 0.00302582 0.00202329 0.00300262
16 10946 2048 1.42e-07 0.0123062 0.00202039 0.00299485 0.00198741 0.00287668
16 10946 2048 1.3e-07 0.0185344 0.00227942 0.00239856 0.00175132 0.00230316
16 10946 2048 1.57e-07 0.0133166 0.00209905 0.00297928 0.00196808 0.00254518
16 10946 2048 1.28e-07 0.0121432 0.00204168 0.00297645 0.0020235 0.00287251
16 10946 2048 1.43e-07 0.0136816 0.00228797 0.00330154 0.00223235 0.00311348
16 10946 2048 1.54e-07 0.0117715 0.00189862 0.00259011 0.00187248 0.00248942
16 10946 2048 1.54e-07 0.0109366 0.00307045 0.00498513 0.00237194 0.00358677
16 10946 2048 1.45e-07 0.0132132 0.00205147 0.0029962 0.00205154 0.00285699
16 10946 2048 1.76e-07 0.0152712 0.00239589 0.00372183 0.00220217 0.0024913
16 10946 2048 1.39e-07 0.011709 0.0019092 0.00261479 0.00192274 0.0024893
16 10946 2048 1.72e-07 0.0129553 0.00219982 0.00328689 0.00219421 0.0031973
16 10946 2048 1.37e-07 0.0146307 0.00225439 0.00330865 0.00191715 0.00248568
16 10946 2048 1.41e-07 0.0109237 0.00177922 0.00250357 0.00200715 0.00287726
16 10946 2048 1.78e-07 0.0116375 0.00195697 0.00262288 0.00181898 0.0024994
16 10946 2048 1.36e-07 0.0116629 0.00206389 0.0029885 0.00199779 0.00287105
16 10946 2048 1.46e-07 0.011669 0.00186125 0.00260142 0.00182128 0.00248965
16 10946 2048 1.83e-07 0.0133567 0.00205689 0.00296958 0.00187403 0.00248843
16 10946 2048 1.32e-07 0.0125723 0.00204806 0.00298152 0.00201417 0.0028734
16 10946 2048 1.57e-07 0.0117047 0.00238178 0.00372213 0.00234121 0.00358394
16 10946 2048 1.5e-07 0.0131717 0.00230369 0.00333539 0.00219262 0.00318884
16 10946 2048 3.03e-07 0.0208362 0.00186819 0.00242362 0.0017402 0.00232
16 10946 2048 1.67e-07 0.0116973 0.00184231 0.00258897 0.00182924 0.00249215
16 10946 2048 1.5e-07 0.0122944 0.00203337 0.00300583 0.00197739 0.00288275
16 10946 2048 1.75e-07 0.0153283 0.00243749 0.00375007 0.00219739 0.0024916
16 10946 2048 1.33e-07 0.0108648 0.00175392 0.00249217 0.0019835 0.00288175
16 10946 2048 1.11e-07 0.011703 0.00186044 0.00260355 0.00182175 0.00249264
16 10946 2048 1.42e-07 0.0116885 0.00184973 0.00258725 0.00190476 0.00249009
16 10946 2048 1.26e-07 0.015012 0.00301256 0.00502952 0.00262009 0.00412058
16 10946 2048 1.59e-07 0.011713 0.00206128 0.0029948 0.00213017 0.00288142
16 10946 2048 1.7e-07 0.0115858 0.00178842 0.0024281 0.00177136 0.00233414
16 10946 2048 1.73e-07 0.011858 0.00203278 0.0030048 0.00199673 0.00286565
16 10946 2048 1.68e-07 0.0155931 0.00247783 0.00373866 0.00235065 0.0032074
16 10946 2048 1.29e-07 0.0117879 0.00192253 0.00258441 0.00187392 0.00249117
16 10946 2048 1.25e-07 0.011824 0.00205622 0.00299166 0.00201742 0.00288437
16 10946 2048 1.37e-07 0.0122711 0.00207166 0.00299677 0.00199425 0.00287992
16 10946 2048 1.37e-07 0.0116468 0.00175998 0.00271913 0.00202595 0.00287861
16 10946 2048 1.25e-07 0.0109536 0.00180109 0.00302842 0.00211616 0.00287257
16 10946 2048 1.15e-07 0.0110648 0.00205784 0.00298619 0.00206619 0.00292806
16 10946 4096 1.47e-07 0.0134408 0.00231506 0.00649421 0.00219608 0.00504294
16 10946 4096 1.24e-07 0.0109657 0.00179996 0.00553843 0.00202951 0.00544775
16 10946 4096 1.34e-07 0.0122238 0.00217938 0.00636924 0.0022888 0.00563969
16 10946 4096 1.44e-07 0.0117516 0.00186294 0.00500269 0.00181414 0.00474933
16 10946 4096 1.39e-07 0.0109739 0.00200708 0.00578056 0.00199618 0.005465
16 10946 4096 1.65e-07 0.0174238 0.00270801 0.00569233 0.00176884 0.00440612
16 10946 4096 1.54e-07 0.012508 0.00222304 0.00639483 0.00223481 0.00542671
16 10946 4096 1.37e-07 0.0121008 0.002059 0.00572788 0.00213239 0.00545935
16 10946 4096 2.4e-07 0.0194844 0.00194528 0.00501214 0.00193326 0.00474908
16 10946 4096 1.44e-07 0.0163342 0.00241764 0.00552834 0.00180067 0.00438861
16 10946 4096 1.51e-07 0.0121725 0.00203769 0.00582937 0.00204509 0.00547111
16 10946 4096 1.65e-07 0.0134099 0.00204026 0.00543639 0.00187595 0.00474047
16 10946 4096 1.17e-07 0.0112546 0.00208198 0.00576089 0.00201838 0.00546782
16 10946 4096 2.44e-07 0.0203997 0.00192758 0.00502187 0.00184557 0.00474533
16 10946 4096 1.4e-07 0.0155377 0.00240295 0.00623593 0.00178568 0.00441578
16 10946 4096 1.39e-07 0.0110997 0.00221921 0.00641346 0.00222115 0.00606994
16 10946 4096 2.2e-07 0.0164916 0.00237808 0.00509841 0.00182577 0.00479686
16 10946 4096 1.2e-07 0.0121096 0.00217077 0.00642156 0.00218198 0.00573829
16 10946 4096 1.32e-07 0.0118198 0.00193267 0.00500236 0.00185438 0.00474986
16 10946 4096 1.38e-07 0.0117497 0.00201549 0.0057556 0.00199264 0.00545752
16 10946 4096 2.23e-07 0.0185421 0.0018598 0.00508598 0.00195353 0.00478678
16 10946 4096 1.71e-07 0.0118001 0.00185397 0.00562018 0.00203996 0.00546426
16 10946 4096 1.83e-07 0.013355 0.00207758 0.00528174 0.00184479 0.00474987
16 10946 4096 1.69e-07 0.0134026 0.00211066 0.00556234 0.00187429 0.00474873
16 10946 4096 1.53e-07 0.0145135 0.00218058 0.00597631 0.0017349 0.00438271
16 10946 4096 1.59e-07 0.0120381 0.0021391 0.0058146 0.00201486 0.00546646
16 10946 4096 1.23e-07 0.0117521 0.00184632 0.0054206 0.00201103 0.00545301
16 10946 4096 1.23e-07 0.0121908 0.00219528 0.00636957 0.00217812 0.00570355
16 10946 4096 1.36e-07 0.0108993 0.00176239 0.00524617 0.00205345 0.00546014
16 10946 4096 1.2e-07 0.0122271 0.00201943 0.00573893 0.00200337 0.00545583
16 10946 4096 2.73e-07 0.0203355 0.00186959 0.00507129 0.00189111 0.00482083
16 10946 4096 1.46e-07 0.0173382 0.00270353 0.00590439 0.00176131 0.00439956
16 10946 4096 1.63e-07 0.0116429 0.00184636 0.00500326 0.00182365 0.0047614
16 10946 4096 1.32e-07 0.0117697 0.00192965 0.00572322 0.00206973 0.00544115
16 10946 4096 1.47e-07 0.0126418 0.00203839 0.00573593 0.00204443 0.00510342
16 10946 4096 1.53e-07 0.0116412 0.00188712 0.00554694 0.0020423 0.00546527
16 10946 4096 1.18e-07 0.0117821 0.00205102 0.00574889 0.00208728 0.0054709
16 10946 4096 1.36e-07 0.0116358 0.00188989 0.00501665 0.00183676 0.00474687
16 10946 4096 1.68e-07 0.011746 0.00209299 0.00574916 0.00202337 0.00545665
16 10946 4096 1.51e-07 0.0132999 0.00208852 0.00526317 0.00188037 0.00475033
16 10946 4096 1.23e-07 0.0116743 0.00190802 0.00507605 0.00193967 0.00477747
16 10946 4096 1.4e-07 0.013332 0.00186539 0.00499039 0.00185022 0.00478605
16 10946 4096 1.47e-07 0.011661 0.00195286 0.00547413 0.00200283 0.0054502
16 10946 4096 1.3e-07 0.0122964 0.00219266 0.00638381 0.00219002 0.00560684
16 10946 4096 1.58e-07 0.0117204 0.00188279 0.00540119 0.00207031 0.00546484
16 10946 4096 1.58e-07 0.0127488 0.002278 0.00641546 0.00220055 0.0055733
16 10946 4096 1.81e-07 0.0117469 0.0018288 0.00505565 0.00182816 0.00474373
16 10946 4096 1.41e-07 0.0170468 0.00299141 0.00946373 0.00265734 0.00781531
16 10946 4096 1.25e-07 0.0128274 0.00222665 0.00638299 0.0022209 0.00529223
16 10946 4096 1.31e-07 0.0109135 0.00174525 0.0052431 0.00202422 0.00545917
16 10946 4096 1.39e-07 0.01166 0.00184789 0.00508172 0.0018189 0.00476759
16 10946 4096 1.18e-07 0.0142868 0.00229621 0.00612758 0.00174599 0.00439057
16 10946 4096 1.28e-07 0.0108569 0.00207087 0.00575468 0.00202095 0.00545173
16 10946 4096 1.35e-07 0.0139622 0.00222547 0.00638564 0.00217372 0.00503875
16 10946 4096 1.84e-07 0.0117824 0.00204913 0.00572364 0.00206347 0.005452
16 10946 4096 1.5e-07 0.011629 0.00189935 0.0057776 0.00201774 0.00546112
16 10946 4096 1.48e-07 0.0127202 0.0022808 0.00637892 0.00224474 0.00523499
16 10946 4096 1.38e-07 0.0124653 0.00210572 0.00573805 0.00201878 0.00528431
16 10946 4096 1.51e-07 0.0133273 0.00243803 0.00832108 0.00236196 0.00513406
16 10946 4096 1.37e-07 0.0125953 0.00204864 0.00573647 0.00203659 0.00516662
16 10946 4096 1.46e-07 0.011769 0.00188028 0.00507808 0.00188398 0.00474979
16 10946 4096 1.59e-07 0.0118202 0.00206599 0.00574888 0.00211915 0.00545135
16 10946 4096 1.32e-07 0.0130935 0.00208392 0.00572198 0.00308736 0.0054301
16 10946 4096 2.48e-07 0.0169123 0.00213594 0.00572493 0.00201609 0.00510776
16 10946 4096 1.55e-07 0.0117293 0.00175332 0.00545966 0.00213931 0.00544827
16 10946 4096 1.25e-07 0.0129981 0.00219089 0.00649399 0.00228247 0.00548038
16 10946 4096 1.58e-07 0.0117412 0.00186364 0.00500907 0.00189838 0.00474532
16 10946 4096 1.24e-07 0.0109635 0.00184161 0.00539831 0.00203258 0.00546684
16 10946 4096 1.57e-07 0.011775 0.00186916 0.00497771 0.00181399 0.00473729
16 10946 4096 1.49e-07 0.0116555 0.00188884 0.00499236 0.001847 0.00475609
16 10946 4096 1.3e-07 0.0116955 0.00188964 0.00506875 0.00182066 0.00477824
16 10946 4096 1.4e-07 0.013676 0.00241199 0.00718623 0.00238178 0.00477122
16 10946 4096 1.39e-07 0.0116866 0.00185331 0.00499283 0.00182073 0.00474807
16 10946 4096 1.27e-07 0.0125384 0.00221645 0.00638031 0.00217031 0.0054509
16 10946 4096 1.5e-07 0.0117051 0.00196084 0.00500561 0.0018601 0.00474897
16 10946 4096 1.6e-07 0.0116776 0.00186004 0.00507559 0.00182921 0.00476482
16 10946 4096 1.56e-07 0.0153438 0.00238972 0.0065407 0.00175526 0.0044924
16 10946 4096 1.31e-07 0.0110074 0.00202958 0.00577085 0.0020397 0.0054626
16 10946 4096 1.53e-07 0.0117152 0.00186588 0.00501744 0.00179872 0.0047653
16 10946 4096 2.04e-07 0.0117196 0.00195218 0.00500932 0.00183215 0.00476208
16 10946 4096 2.25e-07 0.0151076 0.00240739 0.00694198 0.00179045 0.00440358
16 10946 4096 1.21e-07 0.0117922 0.00205316 0.00575019 0.00199639 0.00551833
16 10946 4096 1.59e-07 0.0137812 0.0022606 0.0063797 0.00205496 0.00473594
16 10946 4096 1.37e-07 0.0117282 0.00215893 0.00573675 0.00203479 0.00545102
16 10946 4096 1.32e-07 0.0161608 0.00272119 0.00679619 0.00179244 0.00440275
16 10946 4096 1.29e-07 0.0109593 0.0020372 0.00583066 0.0020299 0.00547477
16 10946 4096 1.56e-07 0.015277 0.00238268 0.00664854 0.00176404 0.00441269
16 10946 4096 1.55e-07 0.011685 0.00205015 0.00574185 0.00200761 0.00546149
16 10946 4096 1.31e-07 0.0151106 0.0024382 0.00693068 0.00178386 0.00444501
16 10946 4096 1.44e-07 0.0118665 0.00206833 0.00577058 0.00200714 0.00546213
16 10946 4096 2.95e-07 0.0207135 0.0018063 0.00474694 0.00175473 0.00440385
16 10946 4096 1.19e-07 0.0112773 0.00218546 0.00638397 0.00220401 0.00605629
16 10946 4096 1.41e-07 0.0185531 0.00222214 0.00464606 0.00175593 0.00438898
16 10946 4096 1.85e-07 0.0125895 0.00237287 0.0063756 0.00228425 0.00539555
16 10946 4096 1.56e-07 0.011765 0.00194106 0.00501845 0.0018357 0.00476626
16 10946 4096 1.25e-07 0.012645 0.00218667 0.00580958 0.00205808 0.00510463
16 10946 4096 1.33e-07 0.0117421 0.00196878 0.00545592 0.00205883 0.00546037
16 10946 4096 1.39e-07 0.0122341 0.00206596 0.00575907 0.0020591 0.00548163
16 10946 4096 1.55e-07 0.0117595 0.00192776 0.00503243 0.00192354 0.00475366
16 10946 4096 1.37e-07 0.0117627 0.00206222 0.00578495 0.00199585 0.00560625
16 10946 8192 1.2e-07 0.0212412 0.00300671 0.0176499 0.00190573 0.00930901
16 10946 8192 1.58e-07 0.0126545 0.00209603 0.0111677 0.00178165 0.00853417
16 10946 8192 1.24e-07 0.0122096 0.00203432 0.0113862 0.00213367 0.00928468
16 10946 8192 1.3e-07 0.0116833 0.00220781 0.0126029 0.00221316 0.00932017
16 10946 8192 1.66e-07 0.0122126 0.00202989 0.0114512 0.00202751 0.00934307
16 10946 8192 1.19e-07 0.0120722 0.00226863 0.012521 0.00185999 0.00925065
16 10946 8192 1.13e-07 0.0122354 0.00199313 0.0114176 0.00213477 0.00925496
16 10946 8192 1.26e-07 0.011186 0.00206431 0.011305 0.00203228 0.00969776
16 10946 8192 1.45e-07 0.0117015 0.00203889 0.0114268 0.00205393 0.00952751
16 10946 8192 1.25e-07 0.010917 0.00174699 0.0110839 0.00203442 0.0101802
16 10946 8192 1.35e-07 0.0115327 0.00201747 0.0113512 0.00204147 0.00940803
16 10946 8192 1.25e-07 0.0110892 0.00201234 0.0113264 0.0020662 0.00976535
16 10946 8192 1.7e-07 0.0117348 0.00204771 0.0112914 0.00210052 0.0098431
16 10946 8192 1.5e-07 0.0117118 0.0018228 0.00985773 0.00184374 0.00919289
16 10946 8192 1.29e-07 0.0116678 0.0018641 0.00987474 0.0018653 0.00924397
16 10946 8192 1.32e-07 0.0175437 0.00270791 0.00991281 0.00179557 0.00854667
16 10946 8192 3.33e-07 0.0205458 0.00183441 0.00910846 0.00177142 0.00877567
16 10946 8192 1.58e-07 0.0117553 0.00183977 0.011173 0.00201461 0.0103278
16 10946 8192 1.65e-07 0.0113103 0.00205335 0.0113172 0.00201959 0.00954016
16 10946 8192 1.33e-07 0.0110334 0.00203935 0.0113157 0.00209198 0.00973524
16 10946 8192 1.3e-07 0.0116541 0.0020335 0.0113449 0.00206317 0.0095838
16 10946 8192 1.52e-07 0.0116698 0.00191638 0.00995303 0.00186952 0.00913968
16 10946 8192 1.47e-07 0.0116696 0.00311468 0.0119631 0.00243277 0.0153927
16 10946 8192 1.32e-07 0.0110195 0.00203883 0.0114513 0.00207819 0.00976217
16 10946 8192 1.39e-07 0.0117426 0.00205296 0.0113194 0.00204633 0.00982909
16 10946 8192 1.92e-07 0.0116208 0.00191919 0.00988031 0.0018541 0.00923444
16 10946 8192 1.47e-07 0.0116693 0.0018783 0.00984481 0.00184965 0.00925119
16 10946 8192 1.46e-07 0.0117149 0.00206814 0.0113125 0.00204125 0.00981792
16 10946 8192 1.38e-07 0.011654 0.00188689 0.00984647 0.00189049 0.00911062
16 10946 8192 1.67e-07 0.0116388 0.00186559 0.00984705 0.00195172 0.00924234
16 10946 8192 1.4e-07 0.0162307 0.00309941 0.0187977 0.00219121 0.0176317
16 10946 8192 3.09e-07 0.0130247 0.00185504 0.00983561 0.00175122 0.00854196
16 10946 8192 1.13e-07 0.0126466 0.00219388 0.0122692 0.00176064 0.00855376
16 10946 8192 1.57e-07 0.0121883 0.00217141 0.0126827 0.00174373 0.00854597
16 10946 8192 1.44e-07 0.0122452 0.00209398 0.0113723 0.00202543 0.00932282
16 10946 8192 1.43e-07 0.0117167 0.0018528 0.00999196 0.00183885 0.00926173
16 10946 8192 1.33e-07 0.0110533 0.00176857 0.0112091 0.0020468 0.010079
16 10946 8192 1.43e-07 0.0116692 0.00184362 0.0111414 0.0020247 0.010329
16 10946 8192 1.41e-07 0.0117959 0.00192593 0.00985092 0.00190089 0.00932386
16 10946 8192 2.6e-07 0.0205954 0.00179383 0.00921445 0.00176457 0.0087698
16 10946 8192 1.46e-07 0.0117176 0.00196544 0.01102 0.00211399 0.0103147
16 10946 8192 1.57e-07 0.0116287 0.00192303 0.00994001 0.00188923 0.00929552
16 10946 8192 1.37e-07 0.0185298 0.00244953 0.00912271 0.00178157 0.00854073
16 10946 8192 1.66e-07 0.0133922 0.00203957 0.0103767 0.00182779 0.00926608
16 10946 8192 1.36e-07 0.018567 0.0023016 0.00912204 0.00185514 0.00854492
16 10946 8192 1.49e-07 0.0111948 0.00203186 0.0113029 0.00201881 0.00962458
16 10946 8192 1.04e-07 0.0108578 0.00210927 0.0112903 0.00201519 0.00959728
16 10946 8192 1.4e-07 0.0108626 0.00176985 0.0107137 0.00203144 0.0104855
16 10946 8192 1.33e-07 0.0116964 0.00186783 0.00984136 0.00187003 0.00930023
16 10946 8192 1.27e-07 0.0125698 0.00204202 0.0112605 0.00173805 0.00857808
16 10946 8192 1.34e-07 0.0116246 0.00210015 0.0113453 0.00202467 0.00946573
16 10946 8192 1.68e-07 0.0125988 0.00210159 0.0111784 0.00178719 0.00855666
16 10946 8192 1.24e-07 0.0127914 0.00218142 0.0125432 0.00176366 0.00855343
16 10946 8192 1.47e-07 0.0121479 0.00203933 0.011312 0.00201444 0.00932696
16 10946 8192 1.41e-07 0.0116734 0.00190817 0.00988077 0.00186516 0.00938882
16 10946 8192 1.66e-07 0.0117213 0.00184431 0.00984608 0.00186906 0.00914009
16 10946 8192 1.88e-07 0.0116463 0.00187866 0.00988618 0.0019025 0.00926941
16 10946 8192 1.5e-07 0.018477 0.00243306 0.00914829 0.00185984 0.00855076
16 10946 8192 1.51e-07 0.0116743 0.00194834 0.00991776 0.0018886 0.00929713
16 10946 8192 1.56e-07 0.0184915 0.00232062 0.00915032 0.00175831 0.00856415
16 10946 8192 1.57e-07 0.0129837 0.00210083 0.0104791 0.00180391 0.00857266
16 10946 8192 1.31e-07 0.0159221 0.00240693 0.0102468 0.00179121 0.00854817
16 10946 8192 2.65e-07 0.0188547 0.00190411 0.00989645 0.001842 0.00925403
16 10946 8192 1.49e-07 0.0116522 0.00200606 0.0113526 0.00203698 0.00955339
16 10946 8192 3.08e-07 0.0116845 0.0018907 0.011025 0.00209788 0.0102779
16 10946 8192 1.4e-07 0.0116501 0.00183575 0.00984324 0.00186563 0.00925112
16 10946 8192 1.73e-07 0.021556 0.00307356 0.0174248 0.00187728 0.00927983
16 10946 8192 1.27e-07 0.0137127 0.00220712 0.0113318 0.00182235 0.00854649
16 10946 8192 1.36e-07 0.0128032 0.00203073 0.0112082 0.00177123 0.00856224
16 10946 8192 1.35e-07 0.0128338 0.00207718 0.0111361 0.00175718 0.00859449
16 10946 8192 1.55e-07 0.0121127 0.00222059 0.0126908 0.00222172 0.00911163
16 10946 8192 1.56e-07 0.0121914 0.00234576 0.0125704 0.00220613 0.00973835
16 10946 8192 1.27e-07 0.0123452 0.00218496 0.0125382 0.00179863 0.00854642
16 10946 8192 1.2e-07 0.0128656 0.00219975 0.0124819 0.00177745 0.0085386
16 10946 8192 1.42e-07 0.0122027 0.00205523 0.0113868 0.00204824 0.00932399
16 10946 8192 1.45e-07 0.0117267 0.00190009 0.00983216 0.00190672 0.00924884
16 10946 8192 1.32e-07 0.0116428 0.00202146 0.00987108 0.0020141 0.00910167
16 10946 8192 1.48e-07 0.0117101 0.00188794 0.0099071 0.00183848 0.00925253
16 10946 8192 1.08e-07 0.0119399 0.00218081 0.0127418 0.0019108 0.00925659
16 10946 8192 1.29e-07 0.0122211 0.00203832 0.0112897 0.00201965 0.00934623
16 10946 8192 1.42e-07 0.0116995 0.00187702 0.00984748 0.00189248 0.00927945
16 10946 8192 1.33e-07 0.0118603 0.00201583 0.011308 0.0020089 0.00985034
16 10946 8192 1.52e-07 0.0126756 0.00204215 0.0111556 0.00179331 0.0085409
16 10946 8192 1.5e-07 0.0133126 0.00209283 0.0102981 0.00184854 0.00931504
16 10946 8192 1.34e-07 0.0108848 0.00177452 0.0112511 0.00203414 0.00992972
16 10946 8192 1.65e-07 0.0119234 0.00204041 0.0113783 0.00193714 0.00933693
16 10946 8192 1.98e-07 0.0120591 0.00301969 0.0162059 0.00280923 0.0164251
16 10946 8192 1.63e-07 0.0116724 0.00192578 0.0113275 0.00239098 0.0139374
16 10946 8192 1.63e-07 0.0116545 0.00185913 0.0161351 0.0020757 0.0174916
16 10946 8192 1.45e-07 0.015339 0.0024376 0.0107852 0.00177645 0.00855356
16 10946 8192 1.39e-07 0.0185574 0.00237906 0.00916197 0.00173393 0.00858722
16 10946 8192 1.25e-07 0.0150318 0.00239977 0.011174 0.0017635 0.00866906
16 10946 8192 1.2e-07 0.0173608 0.00265043 0.0100298 0.00175994 0.00861257
16 10946 8192 1.34e-07 0.0133747 0.00205023 0.0101601 0.00178799 0.00856483
16 10946 8192 1.53e-07 0.0149627 0.00247 0.011355 0.0017772 0.00854355
16 10946 8192 1.32e-07 0.0148554 0.0024005 0.0112635 0.00174381 0.00854279
16 10946 8192 1.17e-07 0.0137068 0.00216772 0.0112934 0.00173095 0.00855884
16 10946 8192 1.37e-07 0.0126719 0.00213044 0.0110964 0.00185168 0.00857336
16 10946 8192 1.43e-07 0.012905 0.00229286 0.0123572 0.00177116 0.00854776
16 10946 8192 1.38e-07 0.0122203 0.00220265 0.0126174 0.00180255 0.00854791
