16 1024 0.0180406 0.0027899
16 1024 0.00602596 0.00208553
16 1024 0.00481242 0.00241469
16 1024 0.00481402 0.00189509
16 1024 0.00468998 0.00228522
16 1024 0.00423071 0.00209054
16 1024 0.00439369 0.0022303
16 1024 0.00655531 0.00244106
16 1024 0.00462694 0.00312427
16 1024 0.00498419 0.00317454
16 1024 0.00505729 0.00206731
16 1024 0.0044659 0.0023811
16 1024 0.00460952 0.00194084
16 1024 0.00444274 0.00244195
16 1024 0.00469771 0.00190334
16 1024 0.00446042 0.0022545
16 1024 0.00464403 0.00308826
16 1024 0.00571149 0.00186317
16 1024 0.00504736 0.00197122
16 1024 0.00454254 0.0022786
16 2048 0.0179974 0.00547202
16 2048 0.0071713 0.00540112
16 2048 0.00720177 0.00462823
16 2048 0.00726564 0.00293568
16 2048 0.0075417 0.00413923
16 2048 0.0078171 0.00319861
16 2048 0.00729662 0.00386765
16 2048 0.00714053 0.00387721
16 2048 0.00807393 0.0054022
16 2048 0.00706766 0.00508973
16 2048 0.00697678 0.00315004
16 2048 0.00704013 0.00379971
16 2048 0.00712453 0.00546018
16 2048 0.0069306 0.00316301
16 2048 0.00716884 0.00425557
16 2048 0.00866133 0.0050827
16 2048 0.00720961 0.0048283
16 2048 0.00871603 0.00418561
16 2048 0.00874726 0.00381215
16 2048 0.00793107 0.00311922
16 4096 0.050026 0.00637898
16 4096 0.0216415 0.00944265
16 4096 0.0132289 0.00874745
16 4096 0.0200822 0.00840588
16 4096 0.0128249 0.0101519
16 4096 0.0124066 0.0101449
16 4096 0.0115244 0.00700527
16 4096 0.0148157 0.0101284
16 4096 0.0133711 0.00878527
16 4096 0.0150662 0.00869949
16 4096 0.0128765 0.0101364
16 4096 0.0108007 0.00693403
16 4096 0.0125972 0.00566027
16 4096 0.0128513 0.010123
16 4096 0.0106368 0.0100792
16 4096 0.00897159 0.00637326
16 4096 0.0109563 0.00782162
16 4096 0.0127246 0.0084314
16 4096 0.0128283 0.00774802
16 4096 0.0134359 0.00982351
16 8192 0.0259445 0.0184991
16 8192 0.0202725 0.0183766
16 8192 0.01973 0.0185298
16 8192 0.0195256 0.0185286
16 8192 0.0197224 0.0184187
16 8192 0.0192128 0.0178954
16 8192 0.0199178 0.0179923
16 8192 0.0211731 0.0185556
16 8192 0.0181478 0.00989775
16 8192 0.020788 0.0185862
16 8192 0.0221218 0.0186114
16 8192 0.0196432 0.0183237
16 8192 0.0236107 0.0184154
16 8192 0.0159843 0.0165237
16 8192 0.027082 0.0179154
16 8192 0.0242193 0.0179879
16 8192 0.0194407 0.0194676
16 8192 0.016314 0.0196137
16 8192 0.0195849 0.0183734
16 8192 0.0182889 0.0195627
16 16384 0.0468992 0.0285617
16 16384 0.0440734 0.0301113
16 16384 0.0382539 0.0335086
16 16384 0.026502 0.0293809
16 16384 0.0383988 0.03336
16 16384 0.0292142 0.0295312
16 16384 0.0270605 0.0292699
16 16384 0.0368 0.0230676
16 16384 0.0390742 0.0287654
16 16384 0.0346211 0.0327729
16 16384 0.0434243 0.0282365
16 16384 0.0344421 0.0313323
16 16384 0.0308216 0.0296859
16 16384 0.0372954 0.0337056
16 16384 0.0335705 0.0307514
16 16384 0.0315956 0.0289373
16 16384 0.0387737 0.0274225
16 16384 0.0254962 0.0252314
16 16384 0.0378323 0.0317802
16 16384 0.0267522 0.0298618
16 32768 0.0679798 0.0416489
16 32768 0.0662788 0.0466873
16 32768 0.069108 0.0465877
16 32768 0.058522 0.042494
16 32768 0.0586227 0.0408507
16 32768 0.0615065 0.0429562
16 32768 0.0706173 0.0491729
16 32768 0.0693015 0.0465823
16 32768 0.063445 0.0444338
16 32768 0.0636072 0.0438677
16 32768 0.0675977 0.0459565
16 32768 0.0670957 0.0451472
16 32768 0.0683514 0.0454261
16 32768 0.0569803 0.04283
16 32768 0.065841 0.0465219
16 32768 0.0634038 0.0447593
16 32768 0.0624636 0.0451171
16 32768 0.0572752 0.0427323
16 32768 0.0656609 0.0473541
16 32768 0.0698688 0.0480199
16 65536 0.149418 0.0843763
16 65536 0.125876 0.0885955
16 65536 0.124217 0.0875526
16 65536 0.130951 0.0846572
16 65536 0.129157 0.083467
16 65536 0.136409 0.0808783
16 65536 0.132113 0.0858804
16 65536 0.12957 0.0848779
16 65536 0.13053 0.0845143
16 65536 0.129812 0.0829213
16 65536 0.128935 0.0797604
16 65536 0.130712 0.0807744
16 65536 0.128912 0.0814623
16 65536 0.13088 0.0825627
16 65536 0.129426 0.0792541
16 65536 0.128319 0.0816183
16 65536 0.128616 0.0816904
16 65536 0.132719 0.0831141
16 65536 0.128462 0.0816502
16 65536 0.127661 0.0802485
16 131072 0.297638 0.164456
16 131072 0.26173 0.156354
16 131072 0.268762 0.163066
16 131072 0.270013 0.159846
16 131072 0.269602 0.15733
16 131072 0.264377 0.158372
16 131072 0.265336 0.157394
16 131072 0.269838 0.155811
16 131072 0.265674 0.158366
16 131072 0.268944 0.158134
16 131072 0.265772 0.157279
16 131072 0.268364 0.157975
16 131072 0.271254 0.159886
16 131072 0.279674 0.160587
16 131072 0.269307 0.159943
16 131072 0.265551 0.157044
16 131072 0.272813 0.165966
16 131072 0.281153 0.165211
16 131072 0.265961 0.156543
16 131072 0.269529 0.158232
16 262144 0.572315 0.316717
16 262144 0.543711 0.317615
16 262144 0.538726 0.314257
16 262144 0.541876 0.316638
16 262144 0.56025 0.318279
16 262144 0.543964 0.318738
16 262144 0.548953 0.317715
16 262144 0.562279 0.309459
16 262144 0.548638 0.31312
16 262144 0.543137 0.316349
16 262144 0.548547 0.317543
16 262144 0.549641 0.316318
16 262144 0.556501 0.312054
16 262144 0.543345 0.316784
16 262144 0.54779 0.317687
16 262144 0.566195 0.317011
16 262144 0.544718 0.317817
16 262144 0.557886 0.310449
16 262144 0.54656 0.312311
16 262144 0.541254 0.318199
16 524288 2.04675 0.621487
16 524288 2.09924 0.62081
16 524288 2.04736 0.617462
16 524288 2.04896 0.624265
16 524288 2.04552 0.615431
16 524288 2.03924 0.617287
16 524288 2.04126 0.617554
16 524288 2.0567 0.618616
16 524288 2.07315 0.618103
16 524288 2.05117 0.611333
16 524288 2.06785 0.622285
16 524288 2.03838 0.622978
16 524288 2.04973 0.618841
16 524288 2.06336 0.617637
16 524288 2.03997 0.619579
16 524288 2.06961 0.620701
16 524288 2.22715 0.617325
16 524288 2.07146 0.620743
16 524288 2.0549 0.630576
16 524288 2.03758 0.622202
16 1048576 4.51396 1.23033
16 1048576 4.45649 1.22975
16 1048576 4.47118 1.2263
16 1048576 4.49141 1.23242
16 1048576 4.48399 1.22424
16 1048576 4.45227 1.23424
16 1048576 4.44964 1.22651
16 1048576 4.48392 1.23008
16 1048576 4.48592 1.22104
16 1048576 4.51007 1.22228
16 1048576 4.49031 1.22954
16 1048576 4.52679 1.22829
16 1048576 4.49842 1.22559
16 1048576 4.49623 1.2199
16 1048576 4.47541 1.22478
16 1048576 4.46746 1.22887
16 1048576 4.49522 1.22154
16 1048576 4.48053 1.22963
16 1048576 4.48962 1.22395
16 1048576 4.51333 1.2209
16 2097152 10.6988 2.43694
16 2097152 10.6483 2.42867
16 2097152 10.6475 2.43879
16 2097152 10.6649 2.42365
16 2097152 10.6603 2.45485
16 2097152 10.6662 2.43613
16 2097152 10.7878 2.48974
16 2097152 10.7428 2.43575
16 2097152 10.7333 2.43356
16 2097152 10.6549 2.445
16 2097152 10.6617 2.43113
16 2097152 10.6588 2.44191
16 2097152 10.6619 2.43517
16 2097152 10.7279 2.42802
16 2097152 10.6671 2.43723
16 2097152 10.6658 2.43755
16 2097152 10.6513 2.4313
16 2097152 10.653 2.44095
16 2097152 10.6979 2.42955
16 2097152 10.6532 2.44659
16 4194304 24.1354 4.86546
16 4194304 23.8688 4.8661
16 4194304 24.1312 4.85704
16 4194304 24.134 4.85476
16 4194304 24.2471 4.86355
16 4194304 24.1161 4.86551
16 4194304 24.1282 4.86918
16 4194304 24.2449 4.85942
16 4194304 24.1057 4.85695
16 4194304 23.8699 4.86008
16 4194304 24.4613 4.8739
16 4194304 24.5081 4.86916
16 4194304 24.4978 4.86927
16 4194304 24.278 4.87204
16 4194304 24.135 4.86888
16 4194304 24.4882 4.86159
16 4194304 24.1788 4.8632
16 4194304 24.4912 4.86318
16 4194304 24.4741 4.85594
16 4194304 24.1074 4.86749
16 8388608 91.3868 10.1544
16 8388608 47.9932 9.89451
16 8388608 49.4745 10.0911
16 8388608 49.3208 9.95014
16 8388608 49.3377 9.88953
16 8388608 49.2458 9.86992
16 8388608 49.6856 9.86759
16 8388608 49.2702 9.84865
16 8388608 49.1852 9.84412
16 8388608 49.1675 9.81224
16 8388608 49.3202 9.79441
16 8388608 49.1516 9.80611
16 8388608 49.1778 9.79729
16 8388608 49.1713 9.80433
16 8388608 49.096 9.8096
16 8388608 49.1064 9.87763
16 8388608 49.7136 9.93314
16 8388608 48.5194 9.84207
16 8388608 49.1585 9.80965
16 8388608 49.2165 9.80373
