16 1024 948 194 5.1e-08 0.00120905 2.2e-08 0.00150452 0.00092786 0.000508544 0.00077564 0.000981668 0.000890539 0.000890127 0.000497344 0.000934741 0.000849866 0.00111831 0.0146304 0.00388332 0.00796239 0.00367774 0.00326327
16 1024 947 216 5.9e-08 0.00112848 2.2e-08 0.00119563 0.000791592 0.000425195 0.000770507 0.000966447 0.000889804 0.000819296 0.000495164 0.000876432 0.000853076 0.00113127 0.011473 0.00347103 0.00609877 0.00369083 0.00380614
16 1024 951 117 7.4e-08 0.00178176 2.8e-08 0.00123579 0.000789904 0.000352656 0.000902439 0.00129171 0.000621771 0.000808901 0.000356282 0.000785664 0.000594947 0.000779202 0.00486497 0.00394604 0.0311193 0.00434673 0.00405996
16 1024 956 157 6.4e-08 0.00120227 2.1e-08 0.00218149 0.000759718 0.000352765 0.000727538 0.000675702 0.000620852 0.000769379 0.000340494 0.000881584 0.000621589 0.0012833 0.0130115 0.00492719 0.0170665 0.00410887 0.003746
16 1024 942 220 7.3e-08 0.00126354 2.4e-08 0.00132644 0.000767262 0.000407005 0.000753999 0.000776293 0.000713734 0.000813298 0.0003926 0.000868465 0.000692986 0.000890705 0.00817346 0.00364496 0.00790038 0.00392849 0.00370975
16 1024 944 216 7e-08 0.00124391 2.4e-08 0.00128435 0.000769927 0.000405248 0.000721186 0.00077612 0.000713466 0.000856713 0.00040469 0.000773023 0.000678957 0.000890817 0.00721719 0.00387658 0.00918806 0.00464153 0.00309168
16 1024 949 215 4.3e-08 0.00112637 2.1e-08 0.00115387 0.000795504 0.000505968 0.000809069 0.000966627 0.000907963 0.000835591 0.000496367 0.000803592 0.000852195 0.00111751 0.0108249 0.00339851 0.00739929 0.00369855 0.00378787
16 1024 947 218 6.2e-08 0.00124094 2e-08 0.00128154 0.000837656 0.000376878 0.000879339 0.000682389 0.000630185 0.000819069 0.000344452 0.000824897 0.000594547 0.000777043 0.00608098 0.00375625 0.0108101 0.00469519 0.0033341
16 1024 951 228 6.4e-08 0.00124696 2.6e-08 0.00123692 0.000760884 0.00035255 0.00072437 0.000677117 0.000620784 0.000813302 0.000344752 0.00083948 0.000594483 0.000789628 0.00417391 0.00387369 0.0109742 0.00512853 0.0033217
16 1024 947 223 6.6e-08 0.00123991 2.1e-08 0.00124307 0.000819219 0.000352768 0.000747425 0.000678933 0.000620972 0.000901871 0.000328109 0.000769275 0.00059144 0.000778428 0.0125399 0.00573044 0.00886361 0.00607415 0.00434973
16 2048 1903 549 6.2e-08 0.00173818 2e-08 0.00189247 0.000858895 0.000650174 0.000800705 0.00127885 0.00119768 0.000884544 0.000631698 0.0012395 0.00214426 0.00214752 0.00978052 0.0043344 0.00724403 0.00390705 0.00361947
16 2048 1903 526 8.5e-08 0.00187072 2.4e-08 0.00202666 0.00088355 0.000746849 0.000824524 0.00148171 0.0013736 0.000935394 0.000705573 0.000907763 0.00129003 0.00170742 0.0074901 0.00381398 0.010157 0.00349213 0.00335024
16 2048 1903 533 5.7e-08 0.0018298 2.6e-08 0.00217487 0.000883923 0.000837338 0.000856904 0.00162978 0.00153807 0.000976856 0.000783585 0.000922545 0.00144609 0.00191071 0.010137 0.003779 0.00923614 0.00358753 0.00349504
16 2048 1891 542 6.7e-08 0.00168948 2.1e-08 0.00178125 0.00116374 0.000829819 0.000866235 0.00164146 0.0015243 0.000981103 0.000790238 0.000959988 0.00142835 0.00188666 0.0100779 0.00373288 0.00824913 0.00411274 0.00334886
16 2048 1908 537 6.1e-08 0.00161577 2.1e-08 0.0017381 0.00078642 0.000703949 0.00148168 0.00163191 0.00152618 0.000918093 0.000788423 0.00117424 0.00215431 0.00191931 0.00805016 0.0042385 0.0109476 0.00439698 0.00331967
16 2048 1903 523 5.9e-08 0.00165813 2.2e-08 0.00177202 0.000821406 0.000604898 0.000796987 0.00117967 0.00110406 0.000883616 0.000563494 0.000955438 0.00161187 0.00214743 0.0107845 0.0045556 0.00842522 0.00361474 0.00379985
16 2048 1901 508 4.9e-08 0.00322082 2.7e-08 0.00220346 0.000869928 0.000823191 0.000865281 0.00164142 0.00153779 0.000973337 0.000804816 0.000990985 0.00144823 0.001894 0.0127822 0.00448843 0.0102215 0.00370035 0.00386763
16 2048 1902 542 5.7e-08 0.0016644 2.2e-08 0.00308594 0.000927791 0.000835623 0.000935289 0.00163598 0.00153977 0.000927743 0.000782883 0.000930053 0.00144425 0.00190824 0.00846731 0.00423057 0.0110353 0.00329769 0.0033447
16 2048 1897 514 5.8e-08 0.00197381 4.1e-08 0.0021652 0.000951218 0.00082347 0.000841316 0.00162578 0.00152358 0.000941437 0.00077707 0.000946034 0.00144529 0.00190355 0.0100128 0.003775 0.00936472 0.00342387 0.00361305
16 2048 1904 533 6.8e-08 0.00187718 2.4e-08 0.0020279 0.000833778 0.000741118 0.000787701 0.00148064 0.00137451 0.000940189 0.000704075 0.000905342 0.00129254 0.00170723 0.00751504 0.00381018 0.0101007 0.0034584 0.00332884
16 4096 3821 1082 6e-08 0.00266813 2.1e-08 0.0029323 0.000933214 0.00113937 0.000918013 0.00232518 0.00287515 0.00133205 0.00171135 0.00127654 0.00320001 0.00418649 0.0144103 0.00414456 0.0130146 0.00444276 0.00431388
16 4096 3802 1069 8.2e-08 0.00394011 2.6e-08 0.00382518 0.00106214 0.0015808 0.00140487 0.00478974 0.00345386 0.001823 0.0019675 0.00195772 0.00359168 0.00476069 0.0165267 0.00518055 0.012549 0.00433522 0.00476883
16 4096 3816 1084 6.1e-08 0.00268905 2.3e-08 0.00291123 0.000961011 0.00117132 0.000918278 0.00231829 0.00312099 0.00213009 0.00170572 0.00125651 0.00314849 0.00417662 0.0154533 0.00476102 0.013237 0.0044498 0.00432816
16 4096 3822 1080 5.8e-08 0.00263225 1.6e-08 0.00329715 0.00106792 0.00159361 0.00102509 0.00318517 0.00299455 0.00157061 0.00150949 0.0015746 0.00420124 0.00419771 0.0168018 0.0041427 0.0135068 0.00444916 0.00432472
16 4096 3814 1068 5.6e-08 0.00267983 1.6e-08 0.00285161 0.000954056 0.00114323 0.000917479 0.00284112 0.00336184 0.00121537 0.00172832 0.00121527 0.00315031 0.00418411 0.0131954 0.00413399 0.0128509 0.00444343 0.00452068
16 4096 3819 1077 6.1e-08 0.00262821 2.3e-08 0.00287247 0.000943867 0.00158892 0.00100082 0.00318254 0.00299192 0.00116539 0.00152212 0.00113102 0.00280394 0.00349015 0.012581 0.00397496 0.0131298 0.00478395 0.00431498
16 4096 3820 1090 6.9e-08 0.00307136 2.4e-08 0.00338624 0.000973099 0.00143523 0.00098805 0.00288012 0.00269542 0.0011112 0.00141115 0.001153 0.0025117 0.00335197 0.0144589 0.00413592 0.0128042 0.0044857 0.00487263
16 4096 3832 1082 5.7e-08 0.00267702 2.5e-08 0.00288613 0.00101342 0.00114224 0.00097504 0.00230299 0.00311013 0.00122773 0.00171736 0.00122096 0.00321913 0.00420924 0.0237282 0.00431706 0.0187827 0.00413288 0.00460049
16 4096 3824 1098 4.3e-08 0.00266957 2e-08 0.00301828 0.00105165 0.0015811 0.00113774 0.00317471 0.00299238 0.00128168 0.00151648 0.00121023 0.00281525 0.00344243 0.0146272 0.0043716 0.0116938 0.00415665 0.0049778
16 4096 3816 1083 5e-08 0.00266612 1.6e-08 0.00317551 0.00114032 0.00158101 0.0010502 0.00318594 0.00297778 0.0012185 0.0015137 0.00118014 0.0028007 0.00337592 0.0144084 0.00417172 0.0124991 0.00443838 0.00468915
16 8192 7652 2067 6.3e-08 0.00495535 2.1e-08 0.00545809 0.00124292 0.00241576 0.00131996 0.00627631 0.00590715 0.00189551 0.0029502 0.00152418 0.004321 0.0057573 0.0344193 0.00566336 0.0328958 0.0068609 0.0069826
16 8192 7652 2090 6.1e-08 0.00503646 2.1e-08 0.00545726 0.00124959 0.00241597 0.00126975 0.00628503 0.00593771 0.00166179 0.00296175 0.00195261 0.00432398 0.00575581 0.0324962 0.0054709 0.0305487 0.00665349 0.00696861
16 8192 7640 2074 5.7e-08 0.00464476 1.4e-08 0.00510189 0.0014324 0.00350941 0.00139356 0.00705613 0.00626471 0.00147227 0.00233399 0.00150585 0.00433249 0.00573575 0.0341985 0.00575096 0.0329685 0.0068236 0.00698001
16 8192 7639 2076 5.2e-08 0.0045961 2.1e-08 0.00510601 0.00122427 0.00222262 0.0013748 0.00714133 0.00665227 0.00181963 0.00288123 0.00148821 0.00431468 0.00573221 0.0344094 0.0057541 0.0358363 0.00682113 0.00716599
16 8192 7654 2097 1.19e-07 0.00616243 2.7e-08 0.00682094 0.0013638 0.00310326 0.00130767 0.00569847 0.00533082 0.0026194 0.00268779 0.00156805 0.00448169 0.00579832 0.0386596 0.00569565 0.032416 0.00657677 0.00707597
16 8192 7635 2061 5.9e-08 0.00473619 2.1e-08 0.00514739 0.00133913 0.00309851 0.00127584 0.00629145 0.00590432 0.00149474 0.00229986 0.00142465 0.00432302 0.00574336 0.03409 0.00565547 0.0330793 0.00680444 0.00694184
16 8192 7641 2057 5.7e-08 0.00495425 1.9e-08 0.00549097 0.00124975 0.00255706 0.00155039 0.00629052 0.00590654 0.00166598 0.00304667 0.00143674 0.00432769 0.00574218 0.0342961 0.00568908 0.032529 0.00658567 0.00705978
16 8192 7664 2053 6.4e-08 0.00556275 2.4e-08 0.00621906 0.00132403 0.00280907 0.00123719 0.00564687 0.00532715 0.00286449 0.00273654 0.00159506 0.00497007 0.00664177 0.0398598 0.0056293 0.0337145 0.0069073 0.00720152
16 8192 7632 2065 6.1e-08 0.00505587 2.3e-08 0.00622041 0.00140225 0.00278911 0.00124704 0.00564951 0.00463323 0.00142983 0.00230933 0.00141153 0.00433465 0.0057686 0.0337586 0.00569317 0.0324257 0.00660086 0.00686237
16 8192 7612 2060 6.8e-08 0.00558832 2.2e-08 0.00617067 0.00131622 0.00277747 0.00127454 0.00565191 0.00533081 0.00158817 0.00265823 0.00163619 0.00455341 0.00571275 0.0346071 0.0056635 0.0327734 0.0066401 0.00687301
16 16384 15311 4256 6.4e-08 0.012945 1.6e-08 0.0179582 0.00213155 0.00610716 0.00192523 0.0114228 0.00915644 0.00216636 0.00455625 0.00218912 0.00857725 0.0114372 0.0691646 0.007444 0.0578441 0.00868231 0.0101169
16 16384 15322 4294 5.1e-08 0.0109477 2.8e-08 0.0126145 0.00168792 0.00441976 0.00158478 0.00913555 0.00916167 0.002214 0.00457268 0.00221735 0.00858132 0.0114732 0.0559045 0.0065062 0.0576095 0.0087006 0.010171
16 16384 15311 4263 5.8e-08 0.0105865 3e-08 0.0148024 0.00170788 0.00478241 0.00162928 0.009802 0.00916596 0.00219551 0.00455386 0.00220174 0.0085816 0.0114223 0.0586919 0.00670382 0.0589783 0.00877155 0.00960943
16 16384 15295 4253 5.7e-08 0.017676 2.6e-08 0.0179736 0.00205987 0.00610639 0.00192079 0.0114135 0.00919423 0.00233592 0.00454796 0.00219662 0.00858322 0.0114087 0.0683897 0.00745686 0.0575361 0.00867098 0.00954441
16 16384 15309 4279 4.9e-08 0.00857418 2.1e-08 0.0192171 0.00244372 0.00921841 0.00253738 0.0128329 0.00846593 0.00287703 0.00445376 0.00222384 0.00869718 0.0114865 0.0683535 0.00740595 0.0565176 0.0086238 0.0101608
16 16384 15283 4186 7.2e-08 0.0105372 2.7e-08 0.0112553 0.00168925 0.00478005 0.00162095 0.009799 0.00915737 0.00220075 0.00453781 0.00213549 0.00855847 0.0111614 0.0573348 0.00656896 0.0643361 0.00955606 0.0101534
16 16384 15311 4218 5.7e-08 0.00931 2.7e-08 0.0128966 0.00206888 0.00533289 0.00165397 0.00980307 0.0091608 0.00218691 0.00457524 0.00217816 0.00857772 0.0114084 0.0684192 0.00737677 0.059975 0.00883687 0.0100615
16 16384 15308 4190 5.2e-08 0.00860197 3.2e-08 0.0120664 0.00200447 0.00614228 0.00192801 0.00997733 0.00917049 0.00208741 0.00420899 0.00210464 0.00791466 0.0112979 0.0668641 0.00732665 0.0655183 0.00955813 0.0095306
16 16384 15344 4205 5.3e-08 0.00920787 2.5e-08 0.0121914 0.00191428 0.00512341 0.00175234 0.00984652 0.00921582 0.002297 0.00456752 0.00222715 0.00867922 0.0113903 0.0588222 0.00666854 0.0613137 0.0093814 0.00945534
16 16384 15327 4185 5e-08 0.0105407 2.7e-08 0.0130423 0.00183614 0.00441838 0.00166525 0.00915075 0.00907255 0.0022624 0.00455504 0.00219862 0.0085843 0.0114421 0.0675706 0.00732523 0.0701526 0.0098203 0.00955465
16 32768 30691 8432 5.3e-08 0.0220842 2.5e-08 0.0181482 0.00306044 0.00931608 0.00259751 0.0189126 0.0169793 0.00349766 0.00834903 0.00355515 0.0160551 0.0210267 0.115603 0.00874353 0.114991 0.0128358 0.0145153
16 32768 30660 8501 5e-08 0.0215898 4e-08 0.0184644 0.00266363 0.00873652 0.00244325 0.0184872 0.0169884 0.00392479 0.00841036 0.00365224 0.0171473 0.0209906 0.118843 0.00885865 0.118819 0.0132238 0.0147203
16 32768 30672 8423 5.1e-08 0.0220904 2.5e-08 0.018235 0.00270642 0.00952557 0.00259096 0.0189353 0.0169938 0.00350755 0.00833812 0.00344076 0.0159733 0.0210107 0.120529 0.00888465 0.123025 0.0131203 0.0147178
16 32768 30635 8378 6e-08 0.0183723 3.2e-08 0.0211456 0.00288762 0.00875583 0.0024735 0.0198929 0.0169445 0.00348889 0.00831314 0.00350746 0.0159441 0.0209908 0.121482 0.00899479 0.122772 0.0131817 0.0143989
16 32768 30664 8468 6.3e-08 0.0194157 4.4e-08 0.0221438 0.00267781 0.00883842 0.00253363 0.0184385 0.0170149 0.00370975 0.00832184 0.00354374 0.0177194 0.0210641 0.119583 0.00898448 0.119217 0.0129977 0.0147248
16 32768 30688 8510 5.4e-08 0.0195742 3.3e-08 0.0206129 0.00337449 0.00902308 0.00264922 0.0196631 0.0171735 0.00351273 0.00833827 0.00353114 0.0175171 0.0210619 0.117066 0.00883839 0.109651 0.0127585 0.0145185
16 32768 30632 8430 5.1e-08 0.0193853 3.3e-08 0.0207379 0.00273827 0.00874317 0.00251407 0.0185129 0.0169931 0.00365225 0.00832548 0.0036166 0.0171322 0.0210864 0.116346 0.00878859 0.122336 0.0131314 0.0146862
16 32768 30609 8492 5e-08 0.0187959 3.5e-08 0.021304 0.00265358 0.00872518 0.0028304 0.0186044 0.0181961 0.00351398 0.00832968 0.00347544 0.0171859 0.0210443 0.119762 0.00882193 0.11137 0.0127604 0.0148106
16 32768 30689 8461 1.14e-07 0.0187104 3.5e-08 0.0212702 0.00261286 0.00874635 0.00245948 0.0184341 0.0169529 0.0036967 0.00833633 0.00355542 0.0169482 0.0212494 0.121833 0.00898905 0.116592 0.0128821 0.0147569
16 32768 30672 8431 5.9e-08 0.0196048 3.7e-08 0.0205377 0.00259126 0.00873722 0.00253157 0.0185243 0.0169886 0.00346788 0.00837388 0.00344258 0.0171285 0.0210734 0.125701 0.00909412 0.120773 0.0130794 0.0144724
16 65536 61311 16823 8.2e-08 0.0377382 2.1e-08 0.0355795 0.00445772 0.0174595 0.00473642 0.0400048 0.035667 0.00632217 0.016578 0.00624278 0.0334439 0.0419913 0.241425 0.0121736 0.235707 0.02042 0.0236602
16 65536 61383 16862 6.3e-08 0.0378475 2.7e-08 0.0355939 0.00451278 0.0175211 0.00420995 0.0384329 0.0356849 0.00655315 0.0167154 0.00629981 0.0335927 0.0432926 0.243688 0.0121991 0.232935 0.0204536 0.0237493
16 65536 61306 16956 1.25e-07 0.0395253 2.3e-08 0.0356275 0.00451432 0.0175236 0.00438689 0.0384635 0.0356463 0.00645582 0.0165731 0.00623615 0.0336064 0.046231 0.241028 0.0121524 0.228443 0.0203014 0.023651
16 65536 61399 16628 7.5e-08 0.0395346 2e-08 0.0357136 0.00455772 0.0174465 0.0042138 0.038506 0.0356959 0.00628853 0.0167686 0.00620829 0.0336381 0.0420378 0.284239 0.0128857 0.255495 0.0209474 0.0237809
16 65536 61358 16850 4.8e-08 0.0379128 2.7e-08 0.0357077 0.00458558 0.0174473 0.00426566 0.0384602 0.0356652 0.00641357 0.0167003 0.00617839 0.0335376 0.0421258 0.245125 0.012216 0.238973 0.0205806 0.0243081
16 65536 61325 16825 6e-08 0.0379008 2.6e-08 0.0355872 0.00464027 0.0180945 0.00415592 0.0391489 0.0363746 0.00647786 0.0167431 0.00622601 0.0339251 0.0419409 0.249698 0.0122877 0.239242 0.0204929 0.023859
16 65536 61375 16774 5.8e-08 0.0376333 2.7e-08 0.0355973 0.00458629 0.0174463 0.00423418 0.0385101 0.0357045 0.00643175 0.0166007 0.00620261 0.0335962 0.0421467 0.247417 0.0122824 0.239299 0.0204866 0.0237593
16 65536 61352 16651 1.35e-07 0.0369974 2.6e-08 0.0377692 0.00457845 0.0174451 0.00430903 0.0385058 0.0356958 0.00647568 0.0166974 0.00614095 0.0336773 0.043636 0.24174 0.0121419 0.249217 0.0206244 0.0243371
16 65536 61353 16719 6e-08 0.0380452 2.1e-08 0.0355823 0.00464325 0.0174626 0.00429599 0.0384932 0.0357427 0.00647542 0.0166435 0.0062623 0.0335915 0.0419459 0.239333 0.0121289 0.24744 0.0206897 0.0237275
16 65536 61284 16910 5.7e-08 0.0379002 2.6e-08 0.0356044 0.00464587 0.0174502 0.00431358 0.0385265 0.0356856 0.00640788 0.0165724 0.00623518 0.0334907 0.0419279 0.239047 0.0128481 0.226891 0.0202743 0.0236766
16 131072 122795 33408 6.1e-08 0.0695727 2.6e-08 0.0710594 0.00831249 0.0348497 0.0076757 0.077813 0.0724603 0.0118753 0.0333427 0.0116371 0.0682074 0.0840115 0.495497 0.0179142 0.486677 0.0352363 0.0406589
16 131072 122719 33211 4.8e-08 0.0727756 2e-08 0.071163 0.00830654 0.0348023 0.00759461 0.0778675 0.0726469 0.0118321 0.0331576 0.011739 0.068148 0.0839026 0.527806 0.0181337 0.498615 0.035115 0.040629
16 131072 122658 33373 7.4e-08 0.0717565 2.7e-08 0.0710006 0.00822717 0.0348525 0.00765405 0.0775931 0.0733356 0.0120423 0.0336321 0.0117118 0.0681035 0.0840831 0.492541 0.0178843 0.483191 0.0350631 0.0417811
16 131072 122689 33373 8.3e-08 0.0683364 2.6e-08 0.0708976 0.00828449 0.034875 0.00768097 0.077547 0.0723363 0.0118592 0.03329 0.0116174 0.068186 0.0837288 0.476169 0.0177241 0.475999 0.0351928 0.0407991
16 131072 122736 33398 5.5e-08 0.0693655 2.9e-08 0.0727265 0.00827564 0.0348343 0.00762676 0.07753 0.0724421 0.0118734 0.0331044 0.011573 0.0680849 0.0837796 0.484765 0.017787 0.487501 0.0351782 0.0409323
16 131072 122712 33321 1.17e-07 0.0689146 2.5e-08 0.0710617 0.00827935 0.0348059 0.00779969 0.0776365 0.0723276 0.0119181 0.0332304 0.011753 0.0682063 0.0841263 0.481076 0.0177237 0.481916 0.035122 0.0408016
16 131072 122761 33454 1.11e-07 0.0694156 2.7e-08 0.0708619 0.00824355 0.0347938 0.00766547 0.0776288 0.074061 0.0119084 0.0332832 0.0116729 0.0714031 0.083944 0.484945 0.0176892 0.465087 0.0353805 0.0409301
16 131072 122733 33381 7.2e-08 0.0686577 2.6e-08 0.0711026 0.00828421 0.0350911 0.00775665 0.0781674 0.0731294 0.0119961 0.033077 0.0132557 0.0690353 0.0839341 0.481762 0.017804 0.48268 0.0351348 0.0408674
16 131072 122839 33381 8.2e-08 0.0709654 2.6e-08 0.0708506 0.00907703 0.036406 0.00778506 0.0779628 0.0724954 0.0119716 0.033435 0.0118211 0.068997 0.0840342 0.481719 0.0177338 0.502436 0.0354259 0.0410905
16 131072 122771 33361 5.8e-08 0.0710406 2.6e-08 0.0709008 0.00814375 0.0350427 0.00767065 0.0774809 0.0725059 0.0118498 0.0333143 0.0119507 0.0681666 0.0840668 0.486425 0.0177539 0.482457 0.0351324 0.0408875
16 262144 245548 66575 7.3e-08 0.133983 2.6e-08 0.141537 0.0155776 0.0700356 0.0154292 0.157328 0.156835 0.0228414 0.0665291 0.0226898 0.149021 0.167877 1.04915 0.0280789 0.964902 0.0661499 0.0750868
16 262144 245624 66427 7.8e-08 0.132581 2.6e-08 0.141522 0.0156071 0.0695762 0.0153138 0.15731 0.156876 0.0228701 0.0662129 0.0229677 0.149932 0.168005 1.02027 0.0279893 0.976075 0.0659126 0.075013
16 262144 245503 65806 5e-08 0.132643 2.7e-08 0.14166 0.0156322 0.0696262 0.0153373 0.157066 0.156633 0.0227991 0.0665054 0.0226263 0.148567 0.167973 0.978277 0.0277812 1.04659 0.0662747 0.0752905
16 262144 245510 66047 5.8e-08 0.135846 2.6e-08 0.141782 0.0155935 0.0700844 0.0153403 0.156939 0.156545 0.02296 0.0672083 0.0228558 0.149155 0.168003 1.03913 0.0281498 1.01161 0.0658552 0.0748192
16 262144 245535 66450 6.7e-08 0.135176 2.6e-08 0.143914 0.0157379 0.069676 0.0154577 0.157364 0.15668 0.0229849 0.0667474 0.0228051 0.149177 0.16794 1.01858 0.0280082 0.966408 0.0659036 0.0748475
16 262144 245617 66233 1.01e-07 0.135043 2.7e-08 0.141713 0.0156554 0.0697461 0.0153407 0.157062 0.156517 0.0229837 0.0662335 0.0237656 0.150279 0.16868 0.980574 0.0277926 0.978452 0.0655469 0.0750971
16 262144 245502 66447 8.5e-08 0.137827 2.5e-08 0.141777 0.0157078 0.0697138 0.0153378 0.156996 0.156549 0.0234031 0.0661612 0.0230102 0.148984 0.168145 0.990484 0.0278309 0.97452 0.0659072 0.0751447
16 262144 245575 66569 5.8e-08 0.132522 1.6e-08 0.141597 0.0155832 0.0695853 0.0153261 0.157118 0.156786 0.0228772 0.0664677 0.0226365 0.148994 0.168027 1.04142 0.0281944 0.971965 0.0656868 0.075099
16 262144 245489 66607 5.5e-08 0.134236 2.6e-08 0.141643 0.016993 0.0702741 0.015272 0.157095 0.156732 0.0240925 0.0673846 0.0226719 0.148786 0.167976 0.984877 0.0278345 0.963643 0.0657487 0.0750899
16 262144 245603 65982 5.2e-08 0.133471 2.5e-08 0.142071 0.0155752 0.0696462 0.0152837 0.15721 0.156598 0.0229219 0.066228 0.0228659 0.148566 0.168683 1.0462 0.0280771 1.0194 0.0663032 0.0748082
16 524288 491080 131264 1.08e-07 0.257977 3.5e-08 0.284216 0.0309492 0.139219 0.0307878 0.314979 0.314238 0.0456796 0.133684 0.0453031 0.309252 0.337256 2.13951 0.0472628 2.06729 0.123163 0.141591
16 524288 491233 131387 7.4e-08 0.261405 2.8e-08 0.284764 0.031015 0.14054 0.0307003 0.314958 0.313818 0.0456167 0.133912 0.0453651 0.298069 0.337285 2.09295 0.0473572 2.08928 0.123992 0.14164
16 524288 491139 131776 1.58e-07 0.262567 3e-08 0.28512 0.030535 0.140006 0.030322 0.315174 0.314153 0.0451354 0.132635 0.0450411 0.298207 0.336764 2.08454 0.0472768 2.00415 0.122925 0.149705
16 524288 491253 131230 1.08e-07 0.261312 2.6e-08 0.286763 0.0310837 0.139186 0.033286 0.314613 0.314848 0.0455799 0.133389 0.0454059 0.297986 0.338364 2.11075 0.0472746 2.11078 0.124383 0.142046
16 524288 491373 129821 6.8e-08 0.261241 1.5e-08 0.284144 0.0305477 0.139298 0.0302564 0.314634 0.314259 0.045228 0.132556 0.0449419 0.298485 0.338719 2.24281 0.0475003 2.24045 0.124674 0.141511
16 524288 491239 129962 5.1e-08 0.258964 2.6e-08 0.285369 0.0305704 0.139224 0.03034 0.314714 0.314048 0.0452162 0.132712 0.0449335 0.296886 0.340185 2.22069 0.0475276 2.27202 0.122881 0.141814
16 524288 491328 131476 6.1e-08 0.262026 2.6e-08 0.284647 0.0322064 0.139209 0.0319419 0.315084 0.314422 0.046761 0.133456 0.0466151 0.297738 0.337768 2.18067 0.0474186 2.06913 0.123302 0.151206
16 524288 491198 130623 5.6e-08 0.260319 2.1e-08 0.284433 0.0306226 0.139188 0.030202 0.31502 0.314257 0.0452157 0.13289 0.044966 0.298742 0.338097 1.90445 0.0494619 2.19472 0.125448 0.14128
16 524288 491325 131530 7.7e-08 0.257607 2.6e-08 0.287662 0.0311296 0.139167 0.0308075 0.314742 0.313745 0.0456001 0.133076 0.0453769 0.297336 0.337296 2.39032 0.0520165 2.03362 0.123842 0.141994
16 524288 491271 131206 1.12e-07 0.260488 2.6e-08 0.286519 0.0305945 0.139275 0.0302635 0.315187 0.314133 0.0451232 0.132594 0.0450028 0.29687 0.355344 2.1926 0.0474196 2.08109 0.122595 0.147889
16 1048576 982693 258864 7.7e-08 0.517515 2e-08 0.576468 0.0597677 0.281365 0.0594683 0.627437 0.626449 0.0905411 0.268008 0.0894987 0.594665 0.678499 4.41438 0.0846134 4.55265 0.240769 0.282591
16 1048576 982932 259069 6.1e-08 0.516475 2e-08 0.573312 0.0594412 0.278541 0.0595066 0.627966 0.626505 0.0895657 0.265179 0.0893556 0.594116 0.673712 4.46866 0.0840636 4.39663 0.240612 0.271699
16 1048576 982779 259471 5.5e-08 0.515337 2.5e-08 0.572776 0.0597211 0.279538 0.0594714 0.626823 0.626704 0.0899294 0.265217 0.0903302 0.594487 0.676328 4.43437 0.0844753 4.40556 0.241587 0.272949
16 1048576 982870 263540 8.7e-08 0.513685 2.7e-08 0.56939 0.0606254 0.278514 0.0603746 0.627584 0.627063 0.0907637 0.265132 0.090258 0.593803 0.675142 4.31413 0.0851434 4.24065 0.241468 0.275114
16 1048576 982612 262319 1.15e-07 0.514744 2.1e-08 0.571523 0.061025 0.278635 0.0606235 0.630559 0.630366 0.0910186 0.265433 0.0907553 0.595613 0.590236 4.61213 0.0864245 3.9737 0.239731 0.273271
16 1048576 982761 257652 5.7e-08 0.512642 2.1e-08 0.572677 0.0597206 0.280585 0.059574 0.626555 0.626543 0.0911918 0.265503 0.0908966 0.592905 0.674574 4.59675 0.0838894 4.58325 0.245451 0.271773
16 1048576 982917 259794 7.4e-08 0.514918 2e-08 0.572958 0.0591688 0.280945 0.0593324 0.627413 0.626741 0.0928152 0.265354 0.092828 0.59499 0.677124 4.36265 0.0846146 4.33088 0.240251 0.280258
16 1048576 982796 259549 5.7e-08 0.512735 2.6e-08 0.572488 0.0596374 0.278798 0.0595175 0.627294 0.627628 0.0895863 0.26538 0.089412 0.594484 0.682524 4.4469 0.0853833 4.45498 0.243301 0.276404
16 1048576 982514 259325 9.5e-08 0.512487 2.6e-08 0.57327 0.0589411 0.280287 0.0589939 0.627287 0.627056 0.0913861 0.274194 0.08923 0.593553 0.67636 4.37642 0.08441 4.37507 0.240183 0.26876
16 1048576 982554 259904 5.2e-08 0.507992 2.6e-08 0.573831 0.0605363 0.2784 0.0602959 0.626844 0.627332 0.0902279 0.265475 0.0901806 0.59271 0.673421 4.5135 0.084792 4.35644 0.24258 0.270972
16 2097152 1965444 511797 9.1e-08 1.02487 2.6e-08 1.15232 0.118294 0.589927 0.118057 1.25792 1.25606 0.182515 0.532706 0.181558 1.18732 1.35438 9.43295 0.157425 9.58659 0.475214 0.537841
16 2097152 1965718 517681 6e-08 1.01976 2.6e-08 1.15163 0.11813 0.556983 0.121103 1.25989 1.25808 0.182688 0.530228 0.181444 1.18984 1.36253 9.67535 0.15562 9.00473 0.474658 0.53185
16 2097152 1965553 513157 7e-08 1.02083 2.6e-08 1.15227 0.122576 0.55681 0.119877 1.25948 1.25689 0.184377 0.529877 0.182909 1.2067 1.36152 9.0712 0.156591 9.52406 0.475668 0.53418
16 2097152 1965398 519080 5.9e-08 1.02105 2.6e-08 1.15345 0.118059 0.558626 0.117789 1.25833 1.25781 0.185767 0.531308 0.184523 1.18927 1.36278 9.42121 0.157663 8.77015 0.478483 0.532573
16 2097152 1965740 515925 9.3e-08 1.01724 2.6e-08 1.1488 0.118027 0.575749 0.12042 1.27872 1.27607 0.183513 0.531657 0.182418 1.19298 1.35019 9.16415 0.157129 9.40585 0.472902 0.539392
16 2097152 1965870 517571 6.9e-08 1.01827 2.6e-08 1.15155 0.118196 0.574712 0.117908 1.27539 1.27411 0.182781 0.532665 0.181675 1.19774 1.35538 9.11596 0.156638 8.99715 0.498325 0.533609
16 2097152 1965849 519188 1e-07 1.02009 2.5e-08 1.14803 0.121728 0.562042 0.117999 1.25825 1.2565 0.182986 0.530547 0.181537 1.18919 1.35353 9.73288 0.156697 8.88033 0.478534 0.536797
16 2097152 1965775 516397 6.1e-08 1.01963 2.5e-08 1.15075 0.118119 0.557524 0.117886 1.25791 1.2571 0.182347 0.530039 0.181336 1.18904 1.35114 9.07928 0.15662 9.13401 0.473815 0.531891
16 2097152 1965074 518337 5e-08 1.03139 2.5e-08 1.15341 0.118311 0.556804 0.11975 1.25812 1.25579 0.182571 0.532214 0.181638 1.19073 1.35077 9.02916 0.156865 8.932 0.477708 0.538144
16 2097152 1965484 509482 6e-08 1.02142 2.1e-08 1.15229 0.119795 0.55678 0.11936 1.25824 1.25635 0.186028 0.549809 0.182783 1.19011 1.35867 9.6852 0.156083 9.8207 0.475049 0.534816
