2 10000 10000 3106 1.08e-07 0.0318688 4e-08 0.00308563 0.00199492 0.000317955 0.00139688 0.00191909 0.00197716 0.00152835 0.000304188 0.00147689 0.00191661 0.000978702 0.0124555 0.000144642 0.0174393 0.00118227 0.000751933
3 10000 10000 3130 1e-07 0.00165356 2.2e-08 0.00180386 0.00145585 0.000328091 0.0012677 0.00193942 0.00181124 0.0014488 0.000332928 0.00150155 0.00186481 0.0010093 0.0199284 0.000134227 0.0262238 0.0020328 0.00082246
4 10000 10000 2990 1.02e-07 0.00178727 3.1e-08 0.0019368 0.00134175 0.000420655 0.00129504 0.00210535 0.00192738 0.0013515 0.000356279 0.00151592 0.00190477 0.00109069 0.0115983 0.000210182 0.0185997 0.00107901 0.000981704
6 10000 10000 3046 9.9e-08 0.0021358 2.8e-08 0.00229636 0.00145839 0.000635445 0.00139374 0.00333246 0.00328997 0.00172867 0.000898907 0.00167584 0.00329377 0.00231296 0.0149777 0.000368507 0.0154819 0.00136511 0.00118179
8 10000 10000 2987 1.02e-07 0.00298678 3.2e-08 0.00356608 0.0016829 0.00109309 0.00132133 0.00280849 0.00277492 0.00138626 0.000941946 0.00149144 0.00274625 0.00238908 0.026749 0.00073693 0.0179385 0.00170706 0.00164573
12 10000 10000 2725 9.9e-08 0.00441381 2.6e-08 0.00461531 0.00141789 0.00212212 0.00147147 0.00482412 0.00441932 0.00180845 0.00196581 0.00141466 0.00384533 0.00452445 0.0303798 0.00237037 0.026113 0.00344777 0.00332505
16 10000 9353 2523 1.1e-07 0.00632399 3.9e-08 0.00913228 0.0021138 0.00424664 0.00179051 0.00623964 0.00565219 0.00159878 0.00288043 0.00161914 0.00529022 0.00702528 0.046965 0.00606365 0.0428854 0.00742779 0.00799336
24 10000 6825 2437 1.18e-07 0.0146049 3.1e-08 0.013868 0.00192867 0.006019 0.00142611 0.0107686 0.0108679 0.00252135 0.00474749 0.00248653 0.00791958 0.011493 0.0604121 0.0234384 0.0556334 0.0244946 0.0263072
32 10000 5241 2318 9.4e-08 0.0264772 3.9e-08 0.0193955 0.00194169 0.0116054 0.00154093 0.0180036 0.0167135 0.00356857 0.00778466 0.00369295 0.012013 0.0161824 0.0954717 0.0660817 0.0950404 0.0687804 0.0703933
48 10000 4709 2193 1.03e-07 0.0431727 2.6e-08 0.0396348 0.00185139 0.0249076 0.00175097 0.0370475 0.0373996 0.00529761 0.0237967 0.00467649 0.0274429 0.039389 0.17589 0.271921 0.175032 0.27496 0.279784
64 10000 3860 2034 9.5e-08 0.0727061 1.6e-08 0.0739279 0.0023281 0.0452958 0.0024723 0.0642869 0.0627011 0.00736213 0.0717692 0.00744571 0.079958 0.0961493 0.379331 0.794581 0.356535 0.799814 0.813028
96 10000 3376 1441 4.6e-08 0.1738 1.9e-08 0.161731 0.00432599 0.112162 0.00377644 0.145834 0.143036 0.012023 0.397053 0.0120318 0.40935 0.441481 2.43114 4.72363 2.03407 4.72899 4.7574
128 10000 3086 834 7.6e-08 0.341303 2e-08 0.337805 0.0056788 0.19795 0.00553956 0.25769 0.252951 0.018111 1.47928 0.0180288 1.49142 1.50608 6.95477 17.3324 5.91881 17.589 18.0529
192 10000 2783 2 4.9e-08 0.862806 2.6e-08 0.865026 0.0113057 0.450563 0.0110549 0.575209 0.568476 0.0322658 7.97974 0.0324515 8.18264 8.32578 18.4003 89.3768 17.6477 89.38 89.8292
256 10000 2655 2 4.9e-08 2.82536 2.6e-08 2.8222 0.019919 0.801885 0.0189076 1.00479 0.995205 0.0450164 37.9722 0.0485432 40.9125 43.1209 18.0102 346.834 17.5818 362.29 351.985
384 10000 2459 2 5e-08 6.45351 2.6e-08 6.4506 0.0413248 1.82108 0.0409025 2.24328 2.22638 0.0887282 181.445 0.0956918 181.778 177.371 17.741 1284.6 17.9376 1296.61 1297.74
2 10000 10000 3435 1.25e-07 0.0279223 5.3e-08 0.00228102 0.00180069 0.000473755 0.00178025 0.00284953 0.00294048 0.00194484 0.000455861 0.00195399 0.00288223 0.00145805 0.0170711 0.000120547 0.00958604 0.000977121 0.000772422
3 10000 10000 3256 1.33e-07 0.00226852 5.2e-08 0.00250755 0.00184162 0.000538084 0.00174173 0.00317264 0.00302977 0.00133448 0.000272515 0.001365 0.0016209 0.000873299 0.0101001 0.000191382 0.0162911 0.00146516 0.0008182
4 10000 10000 3251 1.02e-07 0.00256994 5.1e-08 0.00276819 0.00179401 0.000699846 0.00182566 0.00254642 0.00191443 0.00136503 0.00035632 0.00137373 0.00191349 0.00107535 0.0120269 0.000210733 0.013436 0.00130777 0.000929359
6 10000 10000 3010 1e-07 0.00229828 3.1e-08 0.00257026 0.00134238 0.000730697 0.00130066 0.00271569 0.00262976 0.00143633 0.000756818 0.00157232 0.00292558 0.00207106 0.0186338 0.000371153 0.0158415 0.00134578 0.00117234
8 10000 10000 2806 1.01e-07 0.00444748 4.1e-08 0.00424306 0.00127047 0.000950856 0.00122299 0.00279247 0.00274519 0.00146068 0.00094188 0.00131752 0.00277815 0.00263765 0.0251388 0.000722872 0.021735 0.00177362 0.0016744
12 10000 10000 2662 1.53e-07 0.00452613 2.3e-08 0.00494118 0.00149596 0.00208779 0.00140458 0.00484295 0.00443171 0.00156093 0.00207972 0.00155844 0.00441115 0.00486978 0.0306693 0.00239088 0.0314433 0.00370873 0.00371533
16 10000 9333 2518 9.5e-08 0.00735377 3.4e-08 0.00811413 0.0013613 0.00295488 0.00135765 0.00602089 0.00562728 0.0016595 0.00280386 0.00166814 0.00525161 0.0070251 0.0459933 0.00612937 0.0447005 0.00754945 0.0079391
24 10000 6867 2443 1.05e-07 0.0129894 3.6e-08 0.0154279 0.00136826 0.00605974 0.00131286 0.010684 0.0109512 0.0025327 0.00476855 0.00246091 0.00797181 0.0115658 0.0595027 0.0229978 0.0545289 0.024053 0.0251553
32 10000 5053 2316 9.5e-08 0.028102 2.3e-08 0.0200128 0.00154762 0.0107796 0.00150315 0.0174942 0.0167325 0.00395887 0.00779008 0.00386442 0.0119982 0.0164632 0.0981892 0.0657435 0.102887 0.0690073 0.0704402
48 10000 4386 2187 1.2e-07 0.045722 2.1e-08 0.0398677 0.00185612 0.0250608 0.00167725 0.0370895 0.03597 0.00513392 0.0237476 0.00508277 0.0289208 0.0384914 0.185765 0.272245 0.18037 0.276122 0.280625
64 10000 3833 2053 1.15e-07 0.0810887 2e-08 0.0738832 0.00230662 0.0453516 0.00226733 0.0648524 0.0631309 0.00772463 0.0758982 0.00746945 0.080806 0.0997437 0.349863 0.773369 0.337904 0.781439 0.79186
96 10000 3352 1487 1.03e-07 0.163458 3.1e-08 0.161082 0.00372828 0.110713 0.00362663 0.146046 0.143228 0.0120716 0.397252 0.0121445 0.416133 0.447231 2.14035 4.55876 1.84096 4.57371 4.59025
128 10000 3134 879 1.19e-07 0.396347 2.5e-08 0.34502 0.00575881 0.198764 0.00558831 0.258462 0.255568 0.0167692 1.5417 0.017076 1.58115 1.80254 6.3388 17.9952 5.56474 17.9914 18.0274
192 10000 2806 2 8.5e-08 0.865189 2.6e-08 0.900944 0.011207 0.450409 0.0110482 0.574598 0.568061 0.0311646 7.95979 0.0311879 7.92928 8.51363 18.1494 89.0975 17.5087 88.8622 88.3448
256 10000 2654 2 1e-07 2.81834 2.7e-08 2.82121 0.0190821 0.800195 0.019046 1.00403 1.00028 0.0491024 38.9913 0.0489321 39.0273 45.2362 17.9572 359.591 17.4892 360.599 350.938
384 10000 2444 2 6.9e-08 6.25232 2.5e-08 6.26141 0.0413099 1.82795 0.0409538 2.2514 2.23493 0.0916711 184.321 0.0989637 184.38 180.802 17.6233 1270.27 18.0568 1294.15 1293.68
2 10000 10000 3441 1.58e-07 0.0406296 5.2e-08 0.00222074 0.00185301 0.000472775 0.00170574 0.00285876 0.00288998 0.00195033 0.000455883 0.00195053 0.00288749 0.000765459 0.00948342 0.000112159 0.00936965 0.000976978 0.000777477
3 10000 10000 3327 9.8e-08 0.00229122 5.3e-08 0.00245575 0.00185263 0.00053809 0.00170254 0.00313795 0.00303239 0.00199715 0.000521382 0.001515 0.00181313 0.00100775 0.0131675 0.00015621 0.0106148 0.00106648 0.000783737
4 10000 10000 3108 7.3e-08 0.0017533 3.1e-08 0.00191494 0.00138008 0.000420458 0.00128675 0.00227909 0.00218583 0.00144076 0.00042055 0.00142452 0.00219358 0.00123569 0.0133076 0.000217213 0.0137682 0.00118671 0.000860737
6 10000 10000 2996 1.55e-07 0.00203048 2.1e-08 0.00229002 0.00141414 0.00081243 0.00139401 0.00302527 0.00290068 0.00152283 0.000800237 0.00155009 0.00292409 0.00191048 0.0184811 0.000350187 0.0147944 0.00133781 0.00121193
8 10000 10000 2799 1.45e-07 0.0026294 3e-08 0.00283636 0.0012771 0.00103546 0.00133357 0.00321658 0.00316547 0.00146022 0.00108682 0.00144729 0.00317375 0.00262266 0.0189318 0.000679527 0.0209841 0.00175122 0.00167397
12 10000 10000 2652 5.8e-08 0.00452622 3.2e-08 0.00486993 0.00145548 0.0021011 0.0012856 0.00447242 0.00384868 0.00132135 0.00179808 0.00140093 0.0038394 0.00451511 0.0306516 0.00239393 0.0304587 0.00366857 0.00373588
16 10000 9346 2510 1.07e-07 0.0066814 3.3e-08 0.00741005 0.0014319 0.00337108 0.00128134 0.00602893 0.00562497 0.00163617 0.00279716 0.00186345 0.00527575 0.00700534 0.0449931 0.00605495 0.0428653 0.00749618 0.00788716
24 10000 6836 2419 1.4e-07 0.0131747 2.7e-08 0.0127484 0.00143384 0.00654056 0.00135378 0.0114594 0.0108886 0.00256135 0.00475975 0.00251131 0.00813348 0.0121522 0.0603985 0.023181 0.0586794 0.0250618 0.0263096
32 10000 5220 2335 1.45e-07 0.0284949 2.8e-08 0.0188166 0.001459 0.0108655 0.00146423 0.0188761 0.0167125 0.00379034 0.00775208 0.00373237 0.011126 0.0161666 0.0948584 0.0658493 0.0885388 0.0666501 0.0707746
48 10000 4364 2186 1.15e-07 0.0436027 1.6e-08 0.0394669 0.0018975 0.0249281 0.00176228 0.0370926 0.0359671 0.00521379 0.0238034 0.00519149 0.0292334 0.0393072 0.17671 0.271509 0.18043 0.275777 0.280843
64 10000 3822 1987 1.4e-07 0.0805075 2.7e-08 0.073338 0.00232883 0.0452842 0.00223897 0.064751 0.0630426 0.00805619 0.0793074 0.00762426 0.0816349 0.0996875 0.300233 0.752182 0.462745 0.839175 0.850898
96 10000 3315 1460 1.05e-07 0.166757 2.8e-08 0.161135 0.00374987 0.110689 0.00360485 0.146028 0.143478 0.0122394 0.40707 0.0123409 0.42582 0.460104 2.28024 4.64823 1.94718 4.66193 4.67585
128 10000 3052 885 6.2e-08 0.343848 2.2e-08 0.342577 0.00631329 0.199616 0.0054848 0.257745 0.253106 0.0182354 1.50442 0.0180269 1.53641 1.5045 6.28074 17.7115 5.48726 17.6391 16.9938
192 10000 2796 2 1.02e-07 0.86092 3.5e-08 0.861025 0.0111827 0.45051 0.0110567 0.574802 0.568314 0.0307046 7.74712 0.0306884 7.78726 7.99675 18.0716 88.4626 17.4852 88.445 88.4046
256 10000 2648 2 5.3e-08 2.81857 2.5e-08 2.82124 0.0189972 0.800745 0.0187943 1.00454 0.995116 0.0484043 38.2666 0.0477608 38.4088 41.0795 17.9726 362.047 17.4923 361.899 352.328
384 10000 2460 2 6.2e-08 6.39391 1.5e-08 6.37294 0.0414013 1.81976 0.0410315 2.24082 2.22616 0.0871011 178.911 0.0953435 178.983 175.463 17.5228 1267.71 17.8011 1291.51 1300.82
2 10000 10000 3380 1.84e-07 0.0504276 2.6e-08 0.00229636 0.00179861 0.000493197 0.00171817 0.00247347 0.00154982 0.00191515 0.000391141 0.0013439 0.00151165 0.000764168 0.00929363 0.000142742 0.0123673 0.00124777 0.000782768
3 10000 10000 3244 1.11e-07 0.00236668 5.5e-08 0.00247556 0.00177709 0.000572686 0.00165115 0.00313727 0.00246842 0.00143766 0.00031309 0.00141284 0.00181743 0.00101968 0.0146111 0.000140289 0.0113024 0.0010429 0.000846995
4 10000 10000 3209 9.3e-08 0.00208969 3.9e-08 0.00224578 0.00149543 0.000524956 0.00140882 0.00282094 0.00290589 0.00183839 0.000584396 0.00170816 0.00312023 0.00176181 0.0187606 0.000201943 0.0115421 0.00106579 0.000849341
6 10000 10000 2983 1.01e-07 0.00202709 2.6e-08 0.00322131 0.00129764 0.000635328 0.00122619 0.00239548 0.00227653 0.00174778 0.00102863 0.00184853 0.00374412 0.00265866 0.0235519 0.000419613 0.0151321 0.0013539 0.0011766
8 10000 10000 2794 1.05e-07 0.00290876 3.1e-08 0.00326074 0.00134183 0.00102189 0.00125023 0.00281971 0.00279836 0.0014826 0.000942003 0.00222971 0.00528325 0.00459701 0.0311337 0.00074988 0.0208668 0.0018251 0.00171768
12 10000 10000 2650 1.31e-07 0.00488711 3.4e-08 0.0053682 0.00142215 0.00233104 0.0013801 0.00535754 0.00385393 0.00130876 0.00179765 0.00215682 0.00736208 0.00714132 0.0416149 0.00257377 0.0301546 0.00367753 0.00379018
16 10000 9322 2506 1.2e-07 0.00622513 3.2e-08 0.00737277 0.00143456 0.00339136 0.00134142 0.00659998 0.00563221 0.00166131 0.00281062 0.00161063 0.00526006 0.00702348 0.0448835 0.00607994 0.0426952 0.00741435 0.00788867
24 10000 6840 2423 1.07e-07 0.0130154 3.4e-08 0.0148688 0.0013835 0.00603184 0.00131278 0.010841 0.0108673 0.00254224 0.00474359 0.0025376 0.00792893 0.0121825 0.0604355 0.0233085 0.0565895 0.0245094 0.026083
32 10000 5231 2308 9.5e-08 0.0204003 3.5e-08 0.0219324 0.00151406 0.0107474 0.0014138 0.0174228 0.0167044 0.00393461 0.00841132 0.00398445 0.0114406 0.01597 0.0968016 0.0660697 0.0972747 0.0683653 0.0705195
48 10000 4448 2181 1.1e-07 0.0451536 2.5e-08 0.0394232 0.00188277 0.0249359 0.00185483 0.0370709 0.0358829 0.00514788 0.0231239 0.00500569 0.0283551 0.0387993 0.176086 0.271765 0.177255 0.275525 0.280669
64 10000 3769 1986 1.15e-07 0.0801057 2.6e-08 0.0733515 0.00233334 0.0455049 0.00223458 0.0645673 0.0628314 0.00774625 0.0766805 0.00772382 0.0840652 0.100385 0.445282 0.836201 0.41732 0.837786 0.84513
96 10000 3310 1476 4.7e-08 0.175656 2.6e-08 0.161737 0.00374463 0.11065 0.00368183 0.145847 0.143101 0.0123027 0.409945 0.0122758 0.418894 0.453466 2.19218 4.57533 1.84635 4.58942 4.60402
128 10000 3087 874 4.3e-08 0.339581 2e-08 0.336782 0.00574563 0.197926 0.00559315 0.25756 0.254691 0.0181035 1.53512 0.0171142 1.50427 1.59593 6.32201 17.9849 5.53555 17.3024 17.6926
192 10000 2794 2 4.7e-08 0.863461 1.5e-08 0.862739 0.0112836 0.450667 0.011029 0.574791 0.568129 0.0304345 7.86037 0.0305072 7.90681 8.05145 18.0224 88.4611 17.3864 88.1715 88.2042
256 10000 2638 2 5.4e-08 2.82464 2.8e-08 2.82143 0.0190642 0.800674 0.018818 1.00459 0.995117 0.0480519 38.4791 0.0482924 39.0782 46.6295 17.8731 361.801 17.3962 362.08 351.055
384 10000 2454 2 9.8e-08 6.44279 2.6e-08 6.45323 0.0413326 1.8201 0.0409438 2.24016 2.22495 0.0872569 180.301 0.0954738 179.776 175.742 17.4238 1269.29 18.2699 1284.74 1292.54
2 10000 10000 3417 1.08e-07 0.0337465 3.1e-08 0.00222781 0.00177995 0.000473643 0.0017602 0.00287094 0.00290788 0.00158345 0.000274002 0.001269 0.00151418 0.000763278 0.00948249 0.000111525 0.0100562 0.00112258 0.000902559
3 10000 10000 3265 1.05e-07 0.00163537 3e-08 0.00160147 0.00127616 0.00028236 0.00122344 0.00165812 0.00159506 0.00131499 0.000272283 0.00137615 0.00158095 0.00088643 0.0115069 0.000151767 0.0122711 0.000950646 0.000773949
4 10000 10000 3114 9e-08 0.00183949 3.1e-08 0.00193323 0.00134935 0.000421436 0.00125669 0.00227528 0.00218865 0.00139667 0.000409662 0.0014521 0.00217467 0.00122182 0.0129805 0.000207249 0.0137581 0.00105638 0.000872732
6 10000 10000 2998 9.6e-08 0.00223371 3.1e-08 0.00242745 0.00132908 0.00073015 0.00135826 0.00273039 0.00289084 0.00152786 0.000801047 0.00156483 0.00293502 0.00206918 0.0169024 0.000364834 0.014873 0.00124712 0.00115289
8 10000 10000 2857 1.1e-07 0.00246434 2.5e-08 0.00487169 0.00159467 0.00136587 0.0014675 0.00401782 0.00394751 0.00165026 0.00135379 0.00171883 0.0039687 0.00344634 0.0239544 0.000755012 0.0187576 0.00172993 0.0016474
12 10000 10000 2663 1.01e-07 0.00707317 3.8e-08 0.00770593 0.00184621 0.00194276 0.00124782 0.00421733 0.00384925 0.0013876 0.00178989 0.00153218 0.00384352 0.00449742 0.0294272 0.00251215 0.0294047 0.0036243 0.00367056
16 10000 9361 2493 1.37e-07 0.00734828 3.9e-08 0.00779007 0.00132108 0.00294969 0.00125997 0.00604064 0.00562608 0.00169413 0.00281491 0.0043517 0.00529089 0.00780218 0.0488579 0.00638661 0.0441887 0.0075227 0.00791172
24 10000 6843 2434 1.2e-07 0.014228 4e-08 0.0153133 0.00142568 0.00604948 0.00139009 0.0108997 0.0108761 0.00255364 0.00474819 0.00252915 0.00794101 0.012189 0.0579262 0.0232071 0.0575985 0.0247827 0.0260999
32 10000 5135 2325 1.13e-07 0.0277127 3.1e-08 0.0199331 0.00152449 0.0107379 0.00149556 0.0175439 0.0167244 0.00378561 0.0077453 0.00375393 0.011872 0.0165613 0.0947998 0.0661622 0.0947592 0.0680851 0.0708364
48 10000 4308 2194 1.08e-07 0.0465543 2e-08 0.0394404 0.00188885 0.0250185 0.00169019 0.0372082 0.0358941 0.00535423 0.0246884 0.00534391 0.0296744 0.0398247 0.178351 0.271826 0.177205 0.276991 0.282494
64 10000 3739 2004 1.01e-07 0.0789911 2.2e-08 0.0732158 0.00228377 0.04529 0.00230978 0.0644826 0.0627374 0.0078556 0.0774179 0.00778721 0.0849701 0.0951489 0.436499 0.824737 0.410956 0.830681 0.838855
96 10000 3295 1465 6.8e-08 0.173753 2.6e-08 0.160659 0.00370075 0.110554 0.00361711 0.146188 0.143198 0.0121257 0.403739 0.0123614 0.41895 0.45515 2.27623 4.65546 1.96519 4.67043 4.69411
128 10000 3014 884 4.5e-08 0.337133 2.1e-08 0.337161 0.00619635 0.199841 0.00554684 0.257549 0.25326 0.0182743 1.61088 0.0182473 1.66781 1.57268 6.42308 16.7413 5.55939 16.7576 16.9224
192 10000 2809 2 4.3e-08 0.847608 2.6e-08 0.855338 0.0111898 0.450577 0.0110299 0.575503 0.568483 0.0299478 7.4303 0.0297447 7.51443 7.63742 18.2275 88.628 17.6371 89.0218 89.3879
256 10000 2625 2 5.5e-08 2.81328 2.6e-08 2.82817 0.0191326 0.801247 0.0188025 1.01059 0.993632 0.0490623 38.8059 0.049339 39.3715 44.6558 18.2247 362.558 17.7599 361.658 352.584
384 10000 2481 2 1.2e-07 6.45055 2.7e-08 6.42747 0.0412863 1.81991 0.0409343 2.24064 2.22523 0.0844861 172.526 0.0916866 172.747 170.396 17.816 1265.84 18.1485 1299.31 1304.75
2 10000 10000 3344 1.02e-07 0.0594467 2.1e-08 0.00156015 0.00130336 0.00023002 0.00123805 0.00206656 0.00219184 0.00184607 0.000355207 0.0017702 0.00215731 0.00111004 0.0142024 0.00015958 0.0126692 0.000925272 0.00070459
3 10000 10000 3164 1.1e-07 0.00229453 4e-08 0.00217338 0.00400011 0.000538992 0.00172323 0.00236455 0.00227588 0.00181213 0.000446875 0.00324527 0.00263612 0.00143168 0.0173491 0.000160107 0.0146127 0.00104565 0.000829975
4 10000 10000 3144 1.02e-07 0.00275006 3.8e-08 0.00306345 0.00376458 0.000700471 0.00195217 0.0037458 0.00243084 0.00291714 0.000455256 0.00179235 0.00241931 0.00135596 0.0186897 0.000262472 0.0142862 0.00105701 0.000887921
6 10000 10000 3008 9.5e-08 0.00349402 4.1e-08 0.00455261 0.00210966 0.00121929 0.00199686 0.00445675 0.00215456 0.00144091 0.000576443 0.00155176 0.00363793 0.00308991 0.0232524 0.000427325 0.0171597 0.0014443 0.00122855
8 10000 10000 2798 1.01e-07 0.00459609 5e-08 0.0048823 0.00203327 0.00183837 0.0017725 0.00433652 0.00351277 0.00331732 0.00120398 0.00175956 0.00352687 0.00290693 0.0252516 0.000720332 0.0216121 0.00177323 0.00168027
12 10000 10000 2648 1.02e-07 0.0072238 3.8e-08 0.00685468 0.00194898 0.0030055 0.00184 0.00618592 0.00488522 0.00157845 0.00232774 0.00199635 0.00525222 0.00743872 0.0397018 0.00256704 0.0315395 0.00371162 0.0038405
16 10000 9319 2502 1.25e-07 0.00833187 3.9e-08 0.00743888 0.00137907 0.00294898 0.00134629 0.00602767 0.00562432 0.00172226 0.00279979 0.00210941 0.00883449 0.0142736 0.0486234 0.00644126 0.0448527 0.00756376 0.00819625
24 10000 6867 2423 1.02e-07 0.0138958 3.1e-08 0.0178083 0.00168283 0.00747568 0.00282168 0.0105214 0.010647 0.00262378 0.00476148 0.00264225 0.00795717 0.011533 0.0602484 0.0231489 0.0572012 0.0247137 0.0260986
32 10000 5126 2309 1.05e-07 0.0257198 2.5e-08 0.0224479 0.00190098 0.0107444 0.00336764 0.0211796 0.0181445 0.00516141 0.00838133 0.00430441 0.0119889 0.017304 0.0987968 0.0659101 0.0974875 0.0689798 0.0710498
48 10000 4345 2183 1.52e-07 0.0445924 2.1e-08 0.0396083 0.00191033 0.024886 0.00195867 0.0370453 0.0359564 0.00530276 0.0239538 0.00534597 0.0290772 0.0393702 0.173957 0.271224 0.178091 0.27594 0.280679
64 10000 3861 2038 1.2e-07 0.0799968 2e-08 0.0734679 0.00241585 0.0453394 0.0022941 0.0644855 0.0628334 0.00768107 0.0751353 0.00732573 0.0781435 0.098211 0.294493 0.752436 0.353985 0.789944 0.797536
96 10000 3338 1389 6e-08 0.164906 2.5e-08 0.161583 0.00380466 0.110817 0.00368703 0.145823 0.143038 0.0138287 0.386114 0.0120306 0.409781 0.435863 2.6854 4.87112 2.24729 4.87907 4.89266
128 10000 3064 874 8.8e-08 0.344776 1.9e-08 0.340622 0.00573987 0.198072 0.00575969 0.25782 0.253144 0.0181792 1.59021 0.0201153 1.52728 1.64681 6.34695 16.9666 5.57251 17.108 17.1368
192 10000 2798 2 4.5e-08 0.856755 2.8e-08 0.864275 0.0112782 0.450559 0.0110845 0.574795 0.568135 0.0311235 7.80231 0.0330668 7.87444 7.98557 18.1713 88.2114 17.5192 88.3021 88.3563
256 10000 2642 2 1.2e-07 2.75609 2.6e-08 2.75521 0.0190679 0.800388 0.0188279 1.00483 0.995125 0.0480731 40.403 0.0493456 41.387 44.2596 17.8608 360.953 17.4131 361.197 349.215
384 10000 2444 2 1.1e-07 6.38309 2.6e-08 6.36928 0.0413968 1.82135 0.0408892 2.24259 2.22713 0.0904493 183.53 0.0971422 184.654 180.862 17.4755 1269.57 17.606 1292.23 1294.49
2 10000 10000 3401 1.42e-07 0.0531526 6.2e-08 0.00238318 0.00190822 0.000473836 0.00164093 0.00215634 0.00217172 0.00174258 0.000342431 0.00175154 0.00218409 0.00110758 0.0121957 0.000130034 0.0109613 0.00106729 0.00071374
3 10000 10000 3257 1.38e-07 0.00239319 3.8e-08 0.00253933 0.00187669 0.000538351 0.00175635 0.00213154 0.00160156 0.00138294 0.000272488 0.00144459 0.00159872 0.000874287 0.011173 0.000160101 0.0130757 0.00120323 0.000857131
4 10000 10000 3262 1.23e-07 0.0018495 2.4e-08 0.00203978 0.00145068 0.000420847 0.00139441 0.00228483 0.00221348 0.00156957 0.000455342 0.00159502 0.00243183 0.00137142 0.0151548 0.000203524 0.0115342 0.00113835 0.000930048
6 10000 10000 3020 1e-07 0.00250329 3.4e-08 0.00275038 0.0015486 0.000858178 0.00133862 0.00300782 0.00292735 0.0015751 0.000800995 0.00152382 0.00264192 0.00184901 0.0154446 0.000357655 0.0155223 0.00136445 0.00126189
8 10000 10000 2822 9.8e-08 0.0034404 3e-08 0.00374691 0.00157715 0.00136318 0.00154689 0.00398268 0.0031691 0.00145387 0.00108346 0.00148367 0.0032154 0.00283663 0.0229224 0.000766452 0.0208595 0.0017715 0.00181088
12 10000 10000 2650 1.02e-07 0.00472537 2.1e-08 0.00445684 0.00138695 0.00182519 0.00128805 0.00422138 0.00385013 0.00215749 0.0034594 0.00157779 0.00441886 0.00518702 0.0409172 0.00246422 0.0321001 0.00373485 0.00378387
16 10000 9338 2518 1e-07 0.00672095 3.1e-08 0.00745349 0.00154329 0.00340167 0.00140318 0.00696063 0.00591358 0.00171792 0.00281264 0.00165492 0.00527716 0.00701585 0.0451171 0.00610781 0.0443336 0.00750299 0.00789768
24 10000 6862 2423 1.08e-07 0.0125024 3.4e-08 0.0200135 0.00145466 0.00604532 0.00198025 0.0218387 0.0117438 0.00250932 0.00440312 0.00252745 0.00781033 0.0115457 0.0331074 0.016979 0.0609615 0.0257662 0.0253449
32 10000 5116 2349 1.03e-07 0.0223691 2.4e-08 0.021149 0.00149755 0.0107668 0.00151319 0.0174535 0.016777 0.00381066 0.00771005 0.00370831 0.0119193 0.0164716 0.0925715 0.0651119 0.0898943 0.066311 0.0699735
48 10000 4412 2199 9.8e-08 0.0460428 2.1e-08 0.0397148 0.00192983 0.0249737 0.0017744 0.0371004 0.03599 0.00527648 0.023412 0.0049865 0.0285377 0.039655 0.18449 0.27384 0.184528 0.277247 0.283793
64 10000 3870 2067 1.22e-07 0.0783149 2.7e-08 0.0730633 0.00241102 0.0453297 0.00223847 0.0644843 0.0633495 0.00754647 0.0738217 0.0072723 0.0782154 0.0973365 0.340472 0.773276 0.330735 0.780537 0.805497
96 10000 3352 1499 4.2e-08 0.168486 2.1e-08 0.161071 0.00375126 0.110636 0.00361249 0.146072 0.143133 0.0120134 0.393947 0.0118365 0.403145 0.444003 2.18562 4.57147 1.84409 4.58186 4.60851
128 10000 3056 897 1.02e-07 0.339282 2.5e-08 0.338708 0.0056544 0.198276 0.00552447 0.257716 0.254574 0.0180719 1.57788 0.0180449 1.54108 1.60332 6.35702 17.4371 5.57579 18.6875 18.1526
192 10000 2822 2 6.1e-08 0.867204 2.6e-08 0.871908 0.0111785 0.450544 0.0110868 0.574926 0.568356 0.0302191 7.70797 0.0303239 7.7602 7.8811 18.5162 89.3872 17.8723 89.4652 89.8447
256 10000 2654 2 5.5e-08 2.80372 2.6e-08 2.80187 0.0190083 0.800399 0.0189463 1.00472 0.994796 0.0491505 41.4204 0.0490459 41.4456 45.1078 18.377 363.218 17.8962 363.125 351.869
384 10000 2472 2 6.7e-08 6.38937 2.7e-08 6.38658 0.0412191 1.82359 0.0409608 2.24451 2.22949 0.0880103 178.948 0.0948716 179.99 176.815 18.0176 1276.18 18.3604 1304.72 1300.57
2 10000 10000 3381 1.15e-07 0.109861 2.7e-08 0.00225306 0.00178601 0.000473658 0.00173466 0.00283786 0.00264566 0.00138289 0.000238204 0.00130273 0.00152028 0.000763173 0.00967172 0.000111829 0.00977753 0.000981319 0.000785113
3 10000 10000 3242 1.14e-07 0.00182668 3.7e-08 0.00198264 0.00145803 0.000404477 0.00143189 0.00234696 0.00306398 0.0016176 0.000391292 0.00163196 0.00258295 0.00143096 0.0194685 0.000142597 0.0112993 0.00102424 0.000829811
4 10000 10000 3227 1.12e-07 0.00165694 2.6e-08 0.00168561 0.00122248 0.000337621 0.00119667 0.00181628 0.00365422 0.00129337 0.000327738 0.00161179 0.00362272 0.0020349 0.021072 0.000198939 0.0114443 0.00104816 0.000847685
6 10000 10000 3016 1.07e-07 0.0020879 2.8e-08 0.00226825 0.00133725 0.00063617 0.00124016 0.00235686 0.0027693 0.00162717 0.000804838 0.00156991 0.00291124 0.00206228 0.0168854 0.000363396 0.0148757 0.00126213 0.00112468
8 10000 10000 2902 1.07e-07 0.0030181 3.1e-08 0.00323125 0.00137207 0.00109315 0.00131219 0.00321224 0.00275853 0.00136236 0.000942241 0.00133826 0.00275549 0.00237723 0.0197415 0.000722651 0.0180147 0.00171477 0.00168394
12 10000 10000 2660 5.1e-08 0.00394767 2.6e-08 0.00432461 0.00126835 0.00181492 0.00130502 0.00422974 0.00385155 0.00134621 0.00180448 0.00134265 0.00384231 0.00451913 0.030668 0.00240901 0.0300433 0.0036025 0.00370154
16 10000 9344 2508 1.17e-07 0.00667155 3.7e-08 0.00742512 0.00138525 0.00299347 0.00129574 0.00600937 0.00562708 0.00162746 0.00280928 0.00158559 0.00528708 0.00699542 0.0448836 0.00605191 0.0435311 0.00749548 0.00792034
24 10000 6812 2444 1.01e-07 0.0133892 3e-08 0.0143837 0.00148665 0.00752246 0.00130817 0.0105285 0.010342 0.00258126 0.00476019 0.00248511 0.00790305 0.0114925 0.059842 0.0230082 0.0526875 0.0239866 0.0250039
32 10000 5311 2313 1.09e-07 0.0201543 3.1e-08 0.021671 0.00144656 0.010745 0.0014519 0.0189075 0.0167094 0.00365869 0.0077705 0.0035703 0.0111082 0.0162223 0.0958132 0.066016 0.095532 0.0688358 0.0701275
48 10000 4341 2186 1e-07 0.0433149 2e-08 0.0394755 0.00187402 0.0249419 0.00172099 0.0369996 0.0358733 0.00536327 0.0246706 0.00525509 0.0294927 0.0400932 0.179481 0.271927 0.18176 0.275895 0.283026
64 10000 3821 2039 1.08e-07 0.0729534 3.7e-08 0.0734472 0.00229204 0.0455054 0.00220253 0.0643843 0.0627832 0.00751525 0.0723553 0.0074315 0.0797064 0.0969935 0.361671 0.785308 0.350925 0.803697 0.799732
96 10000 3319 1479 1e-07 0.166201 2e-08 0.161087 0.00374884 0.110634 0.00368343 0.146007 0.143356 0.0135737 0.39467 0.0120679 0.413528 0.44339 2.17735 4.60025 1.85213 4.59616 4.62845
128 10000 3056 884 5.2e-08 0.550079 2.6e-08 0.535331 0.0062911 0.199673 0.00558317 0.257723 0.253109 0.0179257 1.5924 0.0178734 1.58569 1.6586 6.30546 16.9189 5.53841 17.0663 17.7751
192 10000 3007 2 1.12e-07 0.845409 2.5e-08 0.860663 0.0112056 0.450477 0.0110297 0.575228 0.568387 0.0311508 7.98845 0.024411 5.74993 8.18231 18.2975 88.9628 17.5884 89.9547 89.4916
256 10000 2640 2 1.06e-07 2.80303 2.5e-08 2.79947 0.0190816 0.800355 0.0188142 1.00406 0.99513 0.0479151 40.2392 0.0485989 38.398 41.8894 17.9661 361.084 17.5308 347.114 359.562
384 10000 2458 2 5.8e-08 6.41555 2.5e-08 6.4527 0.041347 1.83038 0.0410343 2.25612 2.23832 0.0876548 172.948 0.0924825 178.243 178.709 17.66 1228.06 17.7105 1292.72 1295.05
2 10000 10000 3338 1.17e-07 0.0787429 2.1e-08 0.00235699 0.00187254 0.000473945 0.00177088 0.00288432 0.00293801 0.00194552 0.000273972 0.00141323 0.00173345 0.000876198 0.0112733 0.000128913 0.0104348 0.000986019 0.000782125
3 10000 10000 3226 1.18e-07 0.00180309 2.7e-08 0.00157414 0.00121742 0.000259926 0.00114178 0.00155053 0.00148506 0.00133838 0.000250464 0.00129865 0.00148658 0.000801904 0.0117006 0.000246433 0.0185008 0.00168514 0.000795917
4 10000 10000 3121 1.17e-07 0.00199589 3.5e-08 0.00206656 0.00158922 0.000467464 0.00136436 0.00248938 0.00242426 0.00154092 0.000455071 0.00152488 0.00217491 0.00123099 0.0133204 0.000211656 0.0131629 0.00116062 0.000862994
6 10000 10000 2937 5.5e-08 0.00205398 2.6e-08 0.00218873 0.00157678 0.000913342 0.00144075 0.00335248 0.00324772 0.00162159 0.00090076 0.00173549 0.00325698 0.0031041 0.0154955 0.000452204 0.0211663 0.00133813 0.00115517
8 10000 10000 2784 1.22e-07 0.00289242 3.3e-08 0.00315875 0.00122723 0.000951116 0.00125823 0.0028012 0.00275933 0.00136341 0.000954206 0.00140585 0.00277321 0.00257059 0.0246248 0.000711533 0.0211615 0.00178383 0.00168019
12 10000 10000 2636 1.07e-07 0.00400424 2.8e-08 0.00434615 0.00124986 0.00182815 0.00123654 0.00420275 0.00435322 0.00149128 0.00206733 0.00151387 0.00440819 0.0051932 0.0305871 0.00238558 0.0308129 0.00370081 0.00381059
16 10000 9345 2484 1.03e-07 0.00932809 4.5e-08 0.0100824 0.00140476 0.00294921 0.00125918 0.00600769 0.00562978 0.0016407 0.00279663 0.00263928 0.0100862 0.0114866 0.0502779 0.00642128 0.0444703 0.00749207 0.00818552
24 10000 6628 2415 1.01e-07 0.021213 2.1e-08 0.0207394 0.00161139 0.00835267 0.00154128 0.012102 0.0107982 0.00258739 0.00433641 0.00249904 0.00717985 0.0121699 0.0595839 0.0232267 0.0569826 0.0246584 0.0259419
32 10000 5328 2300 1.2e-07 0.0237721 3e-08 0.0201009 0.00148779 0.0107756 0.00146326 0.0174212 0.0167359 0.00385909 0.00779067 0.00365457 0.0120766 0.0162516 0.0861314 0.0638523 0.0964895 0.0686907 0.0701894
48 10000 4431 2174 6.8e-08 0.0467577 2.2e-08 0.039399 0.00188402 0.0251364 0.00173778 0.0371105 0.0375732 0.00518299 0.0234455 0.00509261 0.0286495 0.0391994 0.176949 0.271288 0.17955 0.285731 0.282505
64 10000 3761 2062 1.25e-07 0.0762103 1.5e-08 0.0739359 0.00388411 0.0470012 0.00224515 0.0644383 0.06287 0.0076919 0.0749134 0.00779595 0.0839494 0.100402 0.297557 0.753811 0.301059 0.761315 0.788196
96 10000 3310 1458 4.9e-08 0.172327 2.6e-08 0.162049 0.00377068 0.110844 0.00363223 0.145728 0.143044 0.0122729 0.406767 0.0122329 0.418759 0.45601 2.25005 4.6116 1.90176 4.62389 4.65087
128 10000 3093 865 1.08e-07 0.342444 2.1e-08 0.336806 0.00571355 0.198295 0.006109 0.259515 0.253522 0.0178023 1.46849 0.0170265 1.41512 1.56594 6.37191 16.8776 5.56995 17.0606 17.0619
192 10000 2784 2 5.1e-08 1.0035 2.7e-08 0.863939 0.0112294 0.450489 0.0109798 0.575096 0.568243 0.0306234 7.69516 0.0306385 7.74607 7.89726 17.952 87.9633 17.2643 88.0469 88.5846
256 10000 2620 2 6.2e-08 2.81389 2.6e-08 2.79281 0.0190027 0.800282 0.018858 1.00431 0.99545 0.0490501 39.39 0.0489236 39.0731 41.5955 17.8123 354.098 17.2904 359.06 350.65
384 10000 2450 2 9.5e-08 6.39131 2.1e-08 6.36627 0.0412815 1.82343 0.0409327 2.24751 2.23057 0.0867795 177.067 0.0909275 176.777 174.445 17.3321 1260.36 18.0122 1287.04 1292.91
2 10000 10000 3380 1.03e-07 0.0349905 5.1e-08 0.00222739 0.00175472 0.000473682 0.0016699 0.00284125 0.00174809 0.00146706 0.000273717 0.00139132 0.00176057 0.000879299 0.0115355 0.000113907 0.00995536 0.000989769 0.000780742
3 10000 10000 3252 9.7e-08 0.00226571 5.2e-08 0.00248898 0.00175113 0.000547641 0.00169955 0.00167776 0.00160128 0.00131658 0.000276469 0.00131325 0.00159904 0.000871452 0.0115242 0.000136895 0.0115157 0.00107174 0.000858145
4 10000 10000 3247 1.03e-07 0.00196851 3.6e-08 0.00207246 0.00143234 0.00048045 0.0013533 0.00252306 0.00243026 0.00145213 0.000411554 0.00142589 0.00219516 0.00123578 0.0146416 0.00019148 0.0116145 0.00113466 0.000930506
6 10000 10000 3022 5.8e-08 0.00225582 3.5e-08 0.00327948 0.00142403 0.000812292 0.00138391 0.00308404 0.00297301 0.00158997 0.000800118 0.00150252 0.00279004 0.00189744 0.0178333 0.000376272 0.015464 0.00133907 0.00113611
8 10000 10000 2863 9.9e-08 0.00270206 2.7e-08 0.00283041 0.00129674 0.000947712 0.00145735 0.00399622 0.00395134 0.00166365 0.00134787 0.00165327 0.00398848 0.00241603 0.0209314 0.000686131 0.0202872 0.00186257 0.00164935
12 10000 10000 2688 9.6e-08 0.00487095 3.3e-08 0.00489543 0.00131524 0.0018291 0.00151815 0.00421536 0.00384816 0.00134366 0.00179666 0.00153472 0.0044077 0.00518193 0.0364772 0.00255362 0.0294235 0.00357599 0.00359485
16 10000 9325 2532 1.03e-07 0.00668646 3e-08 0.00735725 0.00140771 0.00340195 0.00132959 0.00697714 0.00561883 0.00160457 0.0028256 0.00148552 0.00526657 0.00699428 0.0438796 0.00604213 0.0428287 0.00743263 0.00800698
24 10000 6090 2450 1.05e-07 0.0137909 3.5e-08 0.0158252 0.0016196 0.00713599 0.0013407 0.0113398 0.0100362 0.00270774 0.0042067 0.00281328 0.00724184 0.0112835 0.0569803 0.0226255 0.0566525 0.0246353 0.0256759
32 10000 5414 2366 1.01e-07 0.0252287 2.6e-08 0.0188089 0.00149106 0.010748 0.00144825 0.0186043 0.0170582 0.00375868 0.00777494 0.00354112 0.0111716 0.0175857 0.0973896 0.0662567 0.0837838 0.0653956 0.0704199
48 10000 4408 2208 1.05e-07 0.0485989 1.5e-08 0.0394382 0.00185256 0.0249091 0.0017519 0.0370757 0.0359427 0.00525953 0.0237498 0.00513817 0.0289314 0.0392014 0.179124 0.272282 0.174852 0.274822 0.280559
64 10000 3872 2078 1e-07 0.082423 2.1e-08 0.0739145 0.00226432 0.04533 0.00218477 0.064466 0.0628558 0.00790962 0.0734125 0.00747939 0.080092 0.0962872 0.328483 0.768907 0.323589 0.775775 0.799731
96 10000 3318 1480 4.8e-08 0.170589 1.6e-08 0.161156 0.00376303 0.110553 0.00356316 0.145968 0.142896 0.0123162 0.406581 0.0124123 0.425759 0.45639 2.27116 4.64382 1.93937 4.65514 4.67171
128 10000 3066 895 7.5e-08 0.343372 2.7e-08 0.337152 0.00663953 0.199398 0.00559387 0.257508 0.253306 0.0180103 1.62083 0.0179837 1.62888 1.62876 6.36523 17.7764 5.58246 17.7863 16.9663
192 10000 2824 2 5.7e-08 0.86272 2.6e-08 0.868817 0.0112594 0.450386 0.0111231 0.574719 0.568091 0.0303978 7.60233 0.0303223 7.65194 7.79615 18.4438 89.1239 17.8768 88.954 89.0239
256 10000 2676 2 4.3e-08 2.79077 2.7e-08 2.81591 0.0191771 0.800402 0.0217183 1.00478 0.999026 0.0493321 39.3128 0.0475709 38.2331 45.7104 18.314 364.204 17.8605 363.903 353.642
384 10000 2478 2 6.8e-08 6.44244 2.6e-08 6.37492 0.0414431 1.82086 0.0408585 2.24196 2.22677 0.0876579 179.214 0.0961081 178.348 176.464 17.9905 1279.46 18.5536 1302.5 1309.84
