16 1024 2 1.35e-07 0.0325388 2.9e-08 0.021605 0.00081959 0.00034444 0.000729168 0.000630253 0.000570526 0.000779113 0.00015111 0.000740227 0.000182051 0.000183207 0.000771373 0.000305941 0.000844293 0.000335371 0.000337074
16 1024 2 8.3e-08 0.0206793 2.7e-08 0.0227362 0.000909573 0.000510656 0.000785639 0.000969172 0.000890762 0.000859003 0.000235801 0.00084853 0.000283319 0.000286563 0.000830446 0.000476227 0.00086876 0.000419398 0.000419426
16 1024 2 5.8e-08 0.0230411 2.7e-08 0.0130006 0.000946669 0.000681026 0.000858246 0.00138079 0.00118707 0.00102309 0.000315153 0.000938102 0.00037801 0.00038032 0.000998743 0.000656216 0.000907565 0.000695617 0.0007016
16 1024 2 8.4e-08 0.0202346 3.2e-08 0.0227866 0.000861396 0.000510709 0.000769492 0.000975976 0.000889765 0.000975856 0.000235845 0.000897364 0.000185266 0.000286164 0.000846776 0.000478027 0.000871672 0.000501422 0.00046687
16 1024 2 8.5e-08 0.0289373 3.2e-08 0.0212671 0.00113043 0.000343173 0.00079207 0.000631195 0.000578865 0.000822777 0.000151477 0.000796463 0.000182221 0.000183641 0.000798832 0.000305996 0.0007712 0.000334214 0.000354076
16 1024 2 8.1e-08 0.0270382 3.2e-08 0.0240772 0.000930834 0.000583758 0.00109743 0.0010985 0.00101493 0.000873589 0.000269038 0.000824338 0.000323183 0.000184003 0.0017252 0.000382362 0.000794618 0.00043005 0.000422692
16 1024 2 7.4e-08 0.019859 2.7e-08 0.0128751 0.000901675 0.00036687 0.000832648 0.000674149 0.000622926 0.000866727 0.000164151 0.000836399 0.000197059 0.000198664 0.000800965 0.00033168 0.000826919 0.000362728 0.000366216
16 1024 2 1.39e-07 0.0320294 3.2e-08 0.0130931 0.000870085 0.000342401 0.000801796 0.0006333 0.00057347 0.000838096 0.000151741 0.000824388 0.000181762 0.000182919 0.00083329 0.000306048 0.000793746 0.000335276 0.000337273
16 1024 2 7.2e-08 0.0223992 4.5e-08 0.0146546 0.000857111 0.000346462 0.000797601 0.000619611 0.000572449 0.00211293 0.000151508 0.000841661 0.000182278 0.000208008 0.000915756 0.000306316 0.000835269 0.000334264 0.000337258
16 1024 2 7.6e-08 0.0167664 4.1e-08 0.0159985 0.000897946 0.000697762 0.000870031 0.00128649 0.00120963 0.000919173 0.000314017 0.00175877 0.000376097 0.000381502 0.000919519 0.000634301 0.000917246 0.00071765 0.00070032
16 1024 2 8.2e-08 0.0167151 3.1e-08 0.0132448 0.000843597 0.000327307 0.000771574 0.000717943 0.000570201 0.000793668 0.000151068 0.000794015 0.000181681 0.000202242 0.000830842 0.000305626 0.000851401 0.000333591 0.000415321
16 1024 2 7.3e-08 0.0193626 4.8e-08 0.0169326 0.000826083 0.000327499 0.00125668 0.000627149 0.000570572 0.00080279 0.000151225 0.000918918 0.00020007 0.000183905 0.000795146 0.000306373 0.000820258 0.000335358 0.000336968
16 1024 2 7.6e-08 0.0223714 5.6e-08 0.0133583 0.000880497 0.000327476 0.000796873 0.000618072 0.000686851 0.000850929 0.000164706 0.000822062 0.000197436 0.000198851 0.000794479 0.000331372 0.000883061 0.000363771 0.000364796
16 1024 2 6.7e-08 0.0225827 5.8e-08 0.014813 0.000858046 0.000327349 0.00093363 0.00128429 0.00118868 0.000979933 0.000314375 0.00087042 0.000377188 0.000381149 0.00124378 0.000636134 0.000917804 0.000693853 0.000701541
16 1024 2 8.5e-08 0.0239004 2.6e-08 0.0231028 0.000886267 0.000510966 0.00077669 0.000979124 0.000890469 0.000862034 0.000235909 0.000816638 0.000299535 0.000284658 0.000839463 0.00047662 0.000912408 0.000541706 0.000421322
16 1024 2 7.9e-08 0.022287 2.9e-08 0.0224465 0.000795032 0.000484209 0.00079918 0.000856745 0.000791592 0.000831327 0.000209798 0.000826714 0.000251938 0.000253575 0.000826049 0.000424364 0.000812281 0.000465513 0.000468138
16 1024 2 9.1e-08 0.0239105 6.7e-08 0.0230578 0.000814935 0.000470155 0.000807243 0.000855246 0.00080109 0.000949221 0.000210354 0.000841513 0.000251381 0.00025421 0.00070706 0.000423486 0.000846221 0.000465257 0.000467255
16 1024 2 8e-08 0.0201203 3.3e-08 0.0259439 0.000929669 0.000680708 0.000861311 0.00128483 0.000620352 0.000784004 0.000164516 0.000731038 0.00019696 0.000198778 0.00082813 0.000332786 0.000784796 0.000362837 0.000365401
16 1024 2 6.8e-08 0.0224997 6.7e-08 0.0227713 0.00104963 0.000356122 0.000734792 0.000678231 0.000623386 0.000796398 0.000164385 0.00074717 0.000197662 0.000198678 0.000880676 0.000331745 0.00110241 0.000363506 0.000365568
16 1024 2 8.5e-08 0.0228627 2.7e-08 0.0239819 0.000831892 0.000583025 0.000780395 0.00111416 0.00101426 0.000864358 0.000269737 0.00087157 0.000322977 0.000184308 0.00082358 0.000382224 0.000798516 0.000418465 0.000434815
16 2048 2 1.1e-07 0.0361027 3.2e-08 0.0371035 0.00100198 0.000624953 0.000787669 0.00120878 0.00110288 0.00414921 0.000209439 0.000954812 0.000276628 0.000278956 0.000898086 0.000416294 0.00170325 0.000486592 0.000486354
16 2048 2 8.5e-08 0.0291299 3.1e-08 0.035815 0.000861624 0.000651869 0.000806211 0.00129422 0.00119466 0.000874091 0.000182308 0.00101172 0.000225437 0.000242864 0.000874798 0.000363076 0.000871448 0.000426446 0.000425729
16 2048 2 1.07e-07 0.0354946 3.2e-08 0.0366783 0.000873658 0.000624824 0.000923041 0.0011854 0.0010997 0.000880233 0.00018502 0.000899543 0.000239743 0.000241722 0.000971209 0.000362007 0.000936173 0.000423898 0.000424803
16 2048 2 6.7e-08 0.0408212 2.7e-08 0.0361488 0.000884266 0.000605924 0.000975714 0.0011823 0.00109984 0.000971784 0.000167777 0.000941683 0.000220872 0.000223801 0.000962346 0.00069129 0.00119787 0.000812756 0.000828234
16 2048 2 8.3e-08 0.0359485 3.5e-08 0.0253969 0.000925863 0.000624834 0.000873517 0.00167593 0.00228739 0.00108882 0.000348471 0.0010328 0.000470154 0.000467083 0.00112057 0.000692913 0.00118806 0.000810502 0.000813348
16 2048 2 1.27e-07 0.032388 3.1e-08 0.0255105 0.00102988 0.00124822 0.00093449 0.00244134 0.0023082 0.00113677 0.000348633 0.00109642 0.000457302 0.000461947 0.0012138 0.000714727 0.00108121 0.000810768 0.000827235
16 2048 2 7.8e-08 0.0358934 2.7e-08 0.0377904 0.000844972 0.000605452 0.000802225 0.00120411 0.00109977 0.000840751 0.000167761 0.000848101 0.000254172 0.000242127 0.000847534 0.000362978 0.000895947 0.000423784 0.000424731
16 2048 2 6.6e-08 0.0335698 3.1e-08 0.0357753 0.000863085 0.000605394 0.000749999 0.00120347 0.00110411 0.00093296 0.000209554 0.000898675 0.000275372 0.000279879 0.000900134 0.000416481 0.000880939 0.000486284 0.000485999
16 2048 2 7.6e-08 0.0368027 3.1e-08 0.0383335 0.000904761 0.000644571 0.000870691 0.00119238 0.00112591 0.00141981 0.000167796 0.000908747 0.000220943 0.000222966 0.00100797 0.00033372 0.00149947 0.000390017 0.000391123
16 2048 2 9e-08 0.0358974 3.2e-08 0.037815 0.000935269 0.00062489 0.000815654 0.00131533 0.00110137 0.000916984 0.000167687 0.000927729 0.000274261 0.000278143 0.000938383 0.0004166 0.000937743 0.000491182 0.00048852
16 2048 2 7.9e-08 0.0314055 3.2e-08 0.0360836 0.000895749 0.000624713 0.000855138 0.00118375 0.00113185 0.000945533 0.000182292 0.000886021 0.000239006 0.000241786 0.000886529 0.000375424 0.000886166 0.000422545 0.000424133
16 2048 2 7.7e-08 0.0314659 3.2e-08 0.0352667 0.000979505 0.000606312 0.000829559 0.00117825 0.00117463 0.000858404 0.000181602 0.000874783 0.000238712 0.000241675 0.000966096 0.000361977 0.00086079 0.000423209 0.0004233
16 2048 2 8e-08 0.0311692 3.2e-08 0.0250845 0.00101664 0.00126845 0.00102625 0.00243193 0.00227913 0.0010939 0.000348667 0.00106591 0.000457317 0.000462613 0.00101918 0.000337539 0.000969338 0.000541452 0.000542086
16 2048 2 1.4e-07 0.039203 3.6e-08 0.0255175 0.00206336 0.000624624 0.000988075 0.00118742 0.00119929 0.000953402 0.000167632 0.000884212 0.00021993 0.000309181 0.000991034 0.000462511 0.00099855 0.000540882 0.000541046
16 2048 2 7.8e-08 0.0315704 3.3e-08 0.0251776 0.00104388 0.00124816 0.00107834 0.00245135 0.00234967 0.00113474 0.000348221 0.00106655 0.000490171 0.000461989 0.00108557 0.000693587 0.000950744 0.000540295 0.000539941
16 2048 2 6.2e-08 0.0355275 3.2e-08 0.0354827 0.00124465 0.000635043 0.000822395 0.00118299 0.00116797 0.000892383 0.000182301 0.000844651 0.00023939 0.000242334 0.000913747 0.000361973 0.000866775 0.000424131 0.00042492
16 2048 2 7.6e-08 0.0322125 3.2e-08 0.0342987 0.000917608 0.000624763 0.000821757 0.0011774 0.00119239 0.000847861 0.000181519 0.000923824 0.000238937 0.000241299 0.000880825 0.000362619 0.000947921 0.000421953 0.000423757
16 2048 2 8.1e-08 0.0300756 3.3e-08 0.035512 0.00167317 0.000605443 0.00149596 0.00117441 0.00137356 0.00217765 0.000209644 0.00618054 0.000275594 0.000278813 0.0013367 0.000416842 0.00123455 0.000490526 0.000487379
16 2048 2 8e-08 0.0315632 2.7e-08 0.0378026 0.00173306 0.00062605 0.00186481 0.00118973 0.00112708 0.00167675 0.000167834 0.00150712 0.00022151 0.000222912 0.00175046 0.000334213 0.00167052 0.000390506 0.000814511
16 2048 2 6.6e-08 0.042122 3.3e-08 0.0392722 0.00103185 0.000624835 0.00132518 0.00120276 0.00110095 0.00113861 0.000167747 0.00128396 0.000275678 0.000277903 0.00134123 0.000430848 0.00120868 0.000486997 0.000486856
16 4096 2 1.14e-07 0.0576695 3.1e-08 0.0576191 0.00298659 0.00118951 0.00167202 0.0023257 0.00216737 0.00158231 0.000168552 0.00148636 0.000270713 0.000282954 0.00231854 0.000648822 0.00198873 0.000852942 0.000832667
16 4096 2 9.4e-08 0.0580139 2.6e-08 0.0728772 0.00446386 0.0023999 0.00138472 0.00476189 0.00445416 0.00181689 0.000366493 0.00180269 0.000563943 0.000353131 0.00141178 0.000454669 0.00136056 0.000599791 0.000583639
16 4096 2 1.01e-07 0.0543427 3.2e-08 0.0513455 0.00155764 0.00238343 0.00185928 0.00474861 0.0044438 0.00760427 0.000350914 0.00878704 0.000563723 0.000593422 0.0087835 0.000773409 0.00463459 0.000974681 0.000975284
16 4096 2 8.9e-08 0.0628262 3.1e-08 0.0635982 0.00123205 0.00118918 0.00127168 0.00247832 0.00232147 0.00137535 0.000185697 0.0012663 0.000294516 0.000306901 0.0015157 0.000395903 0.00150264 0.000508043 0.000508066
16 4096 2 6.8e-08 0.0583395 2.7e-08 0.0587883 0.000992989 0.00119471 0.00100937 0.00242582 0.00233797 0.00101783 0.000183408 0.0010047 0.000293242 0.000306648 0.00100496 0.000395177 0.00107925 0.0005094 0.000470015
16 4096 2 1.22e-07 0.0588317 2.7e-08 0.0595633 0.00103722 0.00118972 0.000919576 0.00234166 0.0021427 0.00106431 0.000169019 0.00101441 0.000269894 0.000281975 0.00101772 0.000363774 0.00101418 0.000466822 0.000466712
16 4096 2 6.6e-08 0.0585806 3.2e-08 0.0615334 0.00100081 0.00118939 0.000971329 0.00230191 0.00233408 0.00101366 0.000183479 0.00106448 0.000294348 0.000307244 0.00101912 0.000395351 0.00109641 0.000508512 0.00050704
16 4096 2 9.5e-08 0.0606428 3.2e-08 0.0608953 0.00103226 0.00115069 0.000927701 0.00232454 0.00214176 0.00118623 0.000169093 0.00115317 0.000270597 0.000281685 0.00112036 0.000363998 0.00115904 0.000466623 0.000490334
16 4096 2 8.2e-08 0.0497115 3.8e-08 0.0630197 0.00214729 0.00118927 0.00187413 0.00231324 0.00276033 0.00178418 0.000250694 0.00194115 0.000376802 0.000392996 0.00190223 0.000505235 0.0019975 0.000649917 0.000650543
16 4096 2 8.7e-08 0.0593101 3.8e-08 0.0617746 0.00173061 0.00124586 0.00210003 0.00251649 0.00234396 0.00145475 0.000183573 0.00155618 0.000294446 0.000307299 0.00144675 0.000395161 0.00132733 0.000508149 0.000833513
16 4096 2 1.07e-07 0.0639937 3.2e-08 0.0610442 0.00218891 0.00118917 0.00187567 0.00233371 0.00219895 0.0066349 0.00016909 0.00579019 0.000483069 0.000511949 0.00943676 0.00064904 0.00207822 0.000975024 0.00103962
16 4096 2 6.3e-08 0.0581689 3.2e-08 0.0633339 0.00228114 0.00115075 0.00270007 0.00229367 0.00215271 0.00179584 0.000234168 0.00143624 0.000373945 0.000283945 0.00183385 0.000504819 0.00170536 0.000647636 0.000647356
16 4096 2 8.8e-08 0.059257 3.1e-08 0.0593402 0.00102882 0.00118957 0.000932815 0.0024028 0.00233942 0.00100862 0.000183174 0.00104106 0.000292148 0.000319185 0.0010486 0.000395403 0.00116178 0.000509245 0.000507627
16 4096 2 8.1e-08 0.0541626 3.2e-08 0.0578271 0.00100715 0.00119221 0.000999214 0.0023196 0.0021677 0.000992687 0.000168947 0.0010105 0.000269592 0.000283087 0.00106412 0.000363661 0.0010645 0.000494331 0.000466707
16 4096 2 9e-08 0.0598622 2.8e-08 0.0603258 0.00103896 0.00118271 0.000955645 0.002322 0.00215476 0.00112313 0.000168383 0.000986601 0.000272352 0.000281714 0.00101651 0.000374371 0.000998154 0.000468901 0.000466833
16 4096 2 7.4e-08 0.0498889 2.7e-08 0.0560069 0.00103214 0.00118399 0.000946577 0.00229584 0.00214629 0.00104654 0.000185011 0.00101675 0.000275154 0.00027362 0.00101549 0.000386764 0.00104659 0.000467451 0.000467154
16 4096 2 6.7e-08 0.0559679 2.6e-08 0.0603513 0.00100816 0.001183 0.000951322 0.0023109 0.002158 0.00103206 0.000168626 0.00107394 0.00027011 0.000283074 0.00130562 0.000364031 0.0010455 0.000468045 0.000489563
16 4096 2 8.2e-08 0.0498282 3.2e-08 0.0559366 0.00100669 0.00120796 0.000952667 0.00232412 0.00214157 0.00101442 0.000168842 0.00102539 0.000270489 0.000282377 0.0010593 0.000369228 0.00105407 0.000470065 0.000467899
16 4096 2 6.5e-08 0.0574562 2.6e-08 0.0607324 0.000956728 0.00120154 0.00101844 0.00231615 0.002154 0.00177233 0.000168953 0.00107535 0.000271077 0.000428993 0.00113988 0.000363806 0.00115853 0.000467745 0.000468546
16 4096 2 9.6e-08 0.0543686 2.8e-08 0.0579105 0.000990507 0.00118924 0.000929443 0.00229542 0.00217257 0.00103608 0.000168718 0.000970053 0.000295668 0.00028238 0.00100188 0.000364046 0.00102566 0.000492917 0.000466537
16 8192 2 8.6e-08 0.103459 3.1e-08 0.0981942 0.00187053 0.00481466 0.00167943 0.0093744 0.00601141 0.0013752 0.000214327 0.00136416 0.000420219 0.000422641 0.00134974 0.00042668 0.00141223 0.000667209 0.000652352
16 8192 2 7.8e-08 0.100657 2e-08 0.104746 0.00131825 0.002295 0.00117538 0.00481222 0.00461066 0.00141513 0.000214294 0.00138474 0.000421825 0.000421223 0.00135717 0.000438501 0.00136907 0.000655721 0.000685901
16 8192 2 6.9e-08 0.10394 2.2e-08 0.10529 0.00138852 0.00226199 0.00120907 0.0045512 0.00435474 0.00146156 0.000214295 0.00136941 0.000417606 0.000422369 0.00140363 0.000430396 0.0014806 0.00065133 0.000664159
16 8192 2 7.1e-08 0.0951294 3.4e-08 0.101746 0.00125338 0.00226342 0.00116354 0.00479855 0.00460869 0.00144446 0.000214242 0.00146976 0.000419361 0.000418842 0.00141695 0.000427991 0.00136179 0.000648537 0.000752007
16 8192 2 7e-08 0.102722 2.6e-08 0.105809 0.00128103 0.00226105 0.00122302 0.00461343 0.00433924 0.00136175 0.000213369 0.00136873 0.000421941 0.000420584 0.00136513 0.000428211 0.00144627 0.000657275 0.00067213
16 8192 2 7.6e-08 0.103607 3.1e-08 0.106001 0.00129753 0.00233806 0.00116556 0.00462734 0.00468264 0.00141004 0.000214359 0.00135073 0.000417793 0.000421582 0.00154589 0.000428522 0.00148044 0.000652467 0.000650021
16 8192 2 7.3e-08 0.103789 2.6e-08 0.105687 0.0019892 0.00223994 0.001155 0.00458411 0.00461064 0.00138348 0.00021334 0.00133507 0.000416184 0.00042062 0.00137419 0.000428354 0.00140468 0.000650393 0.000600422
16 8192 2 9.5e-08 0.104402 3.1e-08 0.107739 0.00125632 0.00231828 0.00115926 0.00460459 0.00461195 0.00132973 0.000226225 0.0013741 0.000417031 0.00041985 0.00139029 0.000428158 0.00138434 0.000656025 0.000666069
16 8192 2 1.15e-07 0.104604 2.1e-08 0.101985 0.00126907 0.00224033 0.00110899 0.00491432 0.00466463 0.00139871 0.000223809 0.001374 0.000427275 0.000420337 0.0013923 0.000428552 0.00139886 0.000655059 0.000600482
16 8192 2 1.17e-07 0.105607 3.5e-08 0.10423 0.00198949 0.00223519 0.00156386 0.00470807 0.00461254 0.00195079 0.000214421 0.00135202 0.000417247 0.000389038 0.0015648 0.00042874 0.00135709 0.000655184 0.00069859
16 8192 2 6.7e-08 0.0990115 2.6e-08 0.107558 0.00135817 0.00233117 0.00117714 0.0045577 0.0045521 0.00138065 0.000213372 0.00132337 0.000418258 0.000420112 0.00138836 0.000428361 0.00158371 0.000649503 0.000648138
16 8192 2 7.6e-08 0.104091 3.2e-08 0.103231 0.00124166 0.00231827 0.0013636 0.00469354 0.00460708 0.00146688 0.000213422 0.00132596 0.000418041 0.000420567 0.00175578 0.0004283 0.00138666 0.000654737 0.000655433
16 8192 2 7.7e-08 0.0988944 3.2e-08 0.103155 0.00127764 0.00224044 0.00118902 0.00466579 0.00460524 0.0013558 0.000214253 0.00136353 0.000418767 0.000422621 0.0013884 0.00042692 0.00137046 0.000666297 0.000650483
16 8192 2 7.5e-08 0.106703 3.2e-08 0.104564 0.00137052 0.00224419 0.00114047 0.00464268 0.00465445 0.0013638 0.000214355 0.00146348 0.000427226 0.000421775 0.00143137 0.000428479 0.00136339 0.00065571 0.000604219
16 8192 2 9.6e-08 0.107114 3.2e-08 0.10515 0.0012644 0.00226135 0.00121562 0.00455951 0.00435915 0.00138715 0.000214224 0.00135454 0.000418269 0.000424123 0.001393 0.000439874 0.00136335 0.00064849 0.000661446
16 8192 2 7.6e-08 0.105314 3.2e-08 0.106463 0.00121257 0.00226089 0.00112935 0.00454877 0.0045528 0.00142175 0.000214148 0.00132953 0.000416611 0.00042064 0.00143938 0.000428166 0.00134783 0.000653179 0.000653246
16 8192 2 8.2e-08 0.112139 2.6e-08 0.104058 0.00121763 0.00223894 0.00110895 0.00459788 0.00461711 0.00139164 0.000214154 0.00141532 0.000421267 0.000420816 0.00139913 0.000394435 0.00206746 0.000727176 0.000664993
16 8192 2 9.7e-08 0.10363 4e-08 0.106519 0.00122136 0.0022824 0.00182218 0.0045578 0.0045377 0.00137685 0.000214259 0.00136129 0.000418594 0.000420129 0.00136816 0.000428666 0.00136531 0.00065073 0.000650025
16 8192 2 7.8e-08 0.103498 3.4e-08 0.103012 0.00128206 0.00226194 0.00116951 0.0047667 0.00460985 0.00137011 0.000213341 0.00137386 0.000417282 0.000435733 0.00138744 0.000427109 0.00139823 0.000649034 0.000650284
16 8192 2 6.8e-08 0.101796 3.1e-08 0.106612 0.00124664 0.00227115 0.0012103 0.00457327 0.00461625 0.00140037 0.000214211 0.00134193 0.000433809 0.000425015 0.00135163 0.000428248 0.00141435 0.000662492 0.000649946
16 16384 2 7.8e-08 0.200839 3.4e-08 0.207438 0.00174253 0.00444111 0.0016188 0.0093717 0.00912132 0.00627753 0.00023157 0.00273448 0.000811256 0.000809999 0.00278211 0.000588594 0.00296143 0.00123037 0.00114704
16 16384 2 6.2e-08 0.20058 3.2e-08 0.208946 0.00214164 0.00444135 0.00290696 0.0102728 0.0104946 0.00314465 0.000266272 0.00463324 0.000729443 0.000724986 0.00358687 0.000529374 0.00627912 0.00172703 0.00179091
16 16384 2 1.27e-07 0.211219 3e-08 0.209241 0.00167384 0.00444717 0.00157693 0.00904852 0.00917212 0.0020112 0.000231377 0.00210832 0.000632401 0.000644006 0.00201184 0.000460652 0.00226554 0.0010347 0.00103426
16 16384 2 6.7e-08 0.203499 3.2e-08 0.199672 0.00178829 0.00446156 0.00159446 0.00965918 0.00912095 0.00209755 0.000231596 0.00198358 0.000621902 0.00122026 0.00205622 0.000458779 0.00205515 0.000897263 0.000911805
16 16384 2 9.6e-08 0.20146 2.8e-08 0.204186 0.00170624 0.00444236 0.00163878 0.00932972 0.00912355 0.00200881 0.000231296 0.00206507 0.000637215 0.000627514 0.00203525 0.000458582 0.00212191 0.000899547 0.000901434
16 16384 2 7e-08 0.199779 3.2e-08 0.19964 0.00176676 0.0044407 0.00160582 0.00966344 0.00912707 0.00207786 0.000231478 0.00200789 0.000633357 0.000634968 0.00207599 0.000460962 0.00200609 0.000892971 0.000898713
16 16384 2 6.3e-08 0.197819 2.7e-08 0.197877 0.00185148 0.00444116 0.00165992 0.00984278 0.00909899 0.00196064 0.000213305 0.00199629 0.000583311 0.000603186 0.00195306 0.000423884 0.00199615 0.000827457 0.000852294
16 16384 2 7.7e-08 0.200841 2.7e-08 0.201121 0.00174956 0.00444365 0.00165123 0.00979308 0.00909697 0.00198191 0.000213026 0.00198529 0.000582279 0.000592453 0.00195439 0.000423848 0.00197012 0.000826347 0.000858356
16 16384 2 7.6e-08 0.199628 3.2e-08 0.207087 0.00169741 0.00444153 0.00163543 0.0091156 0.00912661 0.00201007 0.00023152 0.00226414 0.000633059 0.00063189 0.0020846 0.000459087 0.00202942 0.000898775 0.00102845
16 16384 2 6.6e-08 0.1922 3.2e-08 0.204922 0.00178945 0.00444125 0.00160461 0.0093843 0.00913255 0.00203617 0.000231552 0.00216827 0.000647647 0.000630566 0.00208212 0.000460847 0.00202767 0.00091199 0.000896332
16 16384 2 8.6e-08 0.19337 3.2e-08 0.209591 0.00227412 0.0044435 0.00200151 0.00931154 0.00918355 0.00259337 0.000231615 0.00262449 0.000726348 0.00121986 0.00386592 0.00054299 0.00264823 0.00104837 0.00172259
16 16384 2 6.2e-08 0.203502 3.4e-08 0.200763 0.00172158 0.00444021 0.00168164 0.00976554 0.00914303 0.00202737 0.000309008 0.00201936 0.000631799 0.000628627 0.00216568 0.000472844 0.00202377 0.000901162 0.000897468
16 16384 2 7.6e-08 0.193503 3.2e-08 0.208343 0.00222672 0.00450941 0.00188815 0.00917101 0.00912862 0.00248528 0.000231524 0.00241039 0.000634256 0.000727313 0.0027406 0.000529798 0.00306008 0.00106552 0.0010674
16 16384 2 6.7e-08 0.194278 3.1e-08 0.205974 0.00223348 0.00460791 0.0018265 0.00934112 0.0091253 0.00259609 0.000218012 0.00243895 0.000707756 0.000712738 0.0030747 0.000541877 0.00310799 0.00104731 0.00104773
16 16384 2 7.1e-08 0.190406 3.2e-08 0.205115 0.00224585 0.00460264 0.00203718 0.00950776 0.00911883 0.00232897 0.000231384 0.00248144 0.00063208 0.000636328 0.00235876 0.00047118 0.00240456 0.000904433 0.000898778
16 16384 2 7.6e-08 0.192918 2.6e-08 0.20547 0.00221883 0.00443454 0.00194905 0.00933569 0.00912038 0.00319027 0.000231551 0.00319909 0.00072755 0.000728475 0.00358851 0.000529883 0.00333379 0.00104849 0.00105293
16 16384 2 6.2e-08 0.202043 3.2e-08 0.198901 0.0021861 0.00444142 0.00230795 0.00976124 0.00912242 0.00295618 0.000231566 0.00344993 0.000632727 0.000622302 0.00243704 0.000459184 0.00407938 0.000898948 0.00148061
16 16384 2 6.1e-08 0.200524 3.2e-08 0.212123 0.00169396 0.00444197 0.00162991 0.00922857 0.00912185 0.00200925 0.000231355 0.0033694 0.00120919 0.000800456 0.00245505 0.000587229 0.00245762 0.0011441 0.00114899
16 16384 2 7.7e-08 0.191823 3.2e-08 0.207474 0.00170321 0.00444503 0.00158507 0.00912693 0.00912652 0.0024995 0.000231295 0.00255545 0.000629075 0.000739749 0.00221537 0.000527363 0.00225627 0.00103383 0.00102997
16 16384 2 6.1e-08 0.192004 3.1e-08 0.207029 0.00212323 0.00445649 0.00162535 0.00916276 0.0091247 0.00208852 0.000231319 0.00205606 0.000633834 0.000643864 0.00229658 0.000460393 0.00208304 0.000900948 0.000901325
16 32768 2 6.7e-08 0.378555 3.2e-08 0.393474 0.00266311 0.00882052 0.00246311 0.0198689 0.0170338 0.00312323 0.000230833 0.00322831 0.000946208 0.000960873 0.00372495 0.000453651 0.003299 0.00125333 0.00160671
16 32768 2 6.4e-08 0.379779 3.2e-08 0.396008 0.00269007 0.00885685 0.00253098 0.0198383 0.0168968 0.00321935 0.000216118 0.00360546 0.000988342 0.000982593 0.00322095 0.000474389 0.00384414 0.0012801 0.00158694
16 32768 2 7.7e-08 0.37809 3.2e-08 0.393172 0.00280285 0.00880251 0.00256363 0.0200193 0.017104 0.00325681 0.000228083 0.00321508 0.000984197 0.000993608 0.00321486 0.000453779 0.00323134 0.0013006 0.00137974
16 32768 2 6.2e-08 0.379943 3.2e-08 0.401728 0.00266331 0.00933843 0.00300568 0.0194589 0.0172598 0.00323281 0.000222917 0.00315604 0.00101015 0.00105389 0.00336121 0.000490296 0.0033509 0.00136119 0.00137314
16 32768 2 1.3e-07 0.374727 4e-08 0.400953 0.00271171 0.00900291 0.00255627 0.0185607 0.0169653 0.00359926 0.000215662 0.00314406 0.000961246 0.0010444 0.00334458 0.000490451 0.00335656 0.00137048 0.00136341
16 32768 2 7e-08 0.38508 3.1e-08 0.392631 0.00330635 0.00893445 0.00243141 0.0197921 0.0168203 0.00322512 0.000227059 0.00315923 0.00095402 0.000979427 0.00388406 0.000451756 0.00316552 0.00125397 0.00156607
16 32768 2 8.3e-08 0.380997 3.3e-08 0.401534 0.00271039 0.0088851 0.00255888 0.0184422 0.0170877 0.00319487 0.000214778 0.00316455 0.000986918 0.00102153 0.00338771 0.000489799 0.00340802 0.00136952 0.00136155
16 32768 2 6.7e-08 0.380622 3.1e-08 0.396589 0.00316033 0.00893741 0.00358684 0.0224365 0.0172166 0.00535256 0.000246192 0.00404806 0.00104817 0.00104625 0.00435245 0.000626121 0.00452191 0.00173721 0.00175453
16 32768 2 1.28e-07 0.389519 3.2e-08 0.397353 0.00268194 0.00892912 0.00251261 0.0185262 0.017056 0.00321535 0.000227681 0.00323947 0.000953365 0.000959631 0.00318497 0.000453792 0.0037148 0.00155552 0.00158969
16 32768 2 6.6e-08 0.370982 3.1e-08 0.398888 0.00270549 0.00880251 0.00250784 0.0194679 0.0171569 0.00328745 0.000215993 0.00318779 0.00103054 0.00103801 0.00341215 0.000492897 0.00342501 0.00136057 0.00136815
16 32768 2 6.7e-08 0.379821 3.2e-08 0.393273 0.0026798 0.0089333 0.00249268 0.0199655 0.0168469 0.00324232 0.000215146 0.00294489 0.000938165 0.000960333 0.00333061 0.000453577 0.00327461 0.00129053 0.00136109
16 32768 2 6.9e-08 0.378114 3.4e-08 0.393275 0.00467409 0.00881449 0.0035636 0.0199473 0.01829 0.00613224 0.000246281 0.00376734 0.00103448 0.00130551 0.00635494 0.000938331 0.00454104 0.00174592 0.00174553
16 32768 2 9e-08 0.385399 3.2e-08 0.396094 0.0026428 0.00881379 0.00250181 0.0196893 0.0169988 0.00318185 0.000215372 0.00338594 0.00104187 0.00105551 0.00338261 0.000501703 0.00336416 0.00137849 0.00137777
16 32768 2 7.5e-08 0.368392 3.2e-08 0.399943 0.00312235 0.00880264 0.00247718 0.0198 0.0169222 0.00323781 0.000215382 0.00320579 0.000966396 0.000976099 0.00321443 0.000453399 0.00319742 0.00128447 0.00133693
16 32768 2 7.7e-08 0.373951 3.2e-08 0.400672 0.00268116 0.00880324 0.00256704 0.018434 0.0168767 0.00381522 0.000226567 0.00320254 0.000943281 0.00103972 0.00335355 0.000492583 0.00335532 0.00136009 0.00137014
16 32768 2 7.7e-08 0.380286 3.8e-08 0.400572 0.00270511 0.00887667 0.00247509 0.0194743 0.017156 0.00320929 0.000226929 0.00323994 0.00102285 0.00102174 0.00335895 0.000491786 0.00336044 0.00138968 0.00136232
16 32768 2 6.7e-08 0.385341 3.2e-08 0.40175 0.00268275 0.00902346 0.0024904 0.0185852 0.0178169 0.00339844 0.000246528 0.00334056 0.00102458 0.00104277 0.00345637 0.000493381 0.00335519 0.00138457 0.00137533
16 32768 2 7.6e-08 0.370411 3.2e-08 0.40092 0.00274919 0.00879348 0.00249799 0.0195756 0.0170306 0.00324086 0.000226807 0.00333991 0.00105673 0.00104068 0.00387021 0.000492908 0.00338262 0.00138126 0.00157113
16 32768 2 6.6e-08 0.373447 4.6e-08 0.400473 0.00265761 0.00894312 0.00246405 0.0184445 0.0170235 0.00321125 0.000227795 0.00321493 0.000945429 0.00104643 0.00602065 0.000944217 0.00343422 0.00135838 0.00139792
16 32768 2 1.13e-07 0.382862 3.2e-08 0.391862 0.00270116 0.00890803 0.00255175 0.0200011 0.0169269 0.00390654 0.000227246 0.00325992 0.000968082 0.000976132 0.00387826 0.000451482 0.00329543 0.00157026 0.00157732
16 65536 2 7.7e-08 0.753563 3.2e-08 0.780701 0.00488169 0.0188758 0.00441679 0.038315 0.0354688 0.00573431 0.000247326 0.00556806 0.00174769 0.00178436 0.00601422 0.000524482 0.00600202 0.00227445 0.00226505
16 65536 2 6.4e-08 0.745158 3.2e-08 0.794806 0.00459886 0.0181017 0.00426094 0.0382485 0.0355729 0.00575174 0.000248007 0.00561039 0.00172645 0.00184903 0.00606795 0.000521849 0.00595784 0.00225258 0.00227855
16 65536 2 6.6e-08 0.754036 3.1e-08 0.789061 0.00459126 0.017661 0.00461216 0.0398392 0.036829 0.0057925 0.000247831 0.00631974 0.0018761 0.0018494 0.00604448 0.000521987 0.00599961 0.00226426 0.0022779
16 65536 2 6.8e-08 0.744236 2.9e-08 0.785152 0.00468544 0.0175918 0.00420672 0.0384007 0.0352833 0.00606066 0.000284381 0.00599582 0.0018783 0.00183423 0.00605899 0.000524627 0.00598714 0.00225872 0.00227491
16 65536 2 6.5e-08 0.742623 3.2e-08 0.780246 0.00463738 0.0176006 0.00438479 0.0381904 0.0366742 0.00575815 0.000246669 0.00559447 0.00171691 0.00177479 0.00646544 0.000524039 0.0060823 0.00226811 0.00227025
16 65536 2 6.2e-08 0.737872 3.2e-08 0.789616 0.00451282 0.017678 0.00422638 0.0383231 0.0354461 0.00568522 0.000247933 0.00584594 0.00187616 0.00185379 0.00600182 0.000523893 0.00605409 0.00226268 0.00225634
16 65536 2 8.4e-08 0.73196 3.2e-08 0.786079 0.00477056 0.0179186 0.00426203 0.0382258 0.0355119 0.00570403 0.000247323 0.00580976 0.00186271 0.00184672 0.00591819 0.000522091 0.00601415 0.00227754 0.00223442
16 65536 2 7e-08 0.733246 3.2e-08 0.788904 0.00463019 0.0175462 0.00431948 0.0382681 0.0352201 0.00647033 0.000254989 0.00598626 0.00186496 0.00193564 0.00598482 0.000533757 0.00607497 0.00227687 0.00227949
16 65536 2 6.2e-08 0.741882 3.1e-08 0.778586 0.00594396 0.0189886 0.00730829 0.0409825 0.0394299 0.00580113 0.000247885 0.00598751 0.0018615 0.00183844 0.00601846 0.000522068 0.00601888 0.00226554 0.00228924
16 65536 2 1.45e-07 0.744905 3.2e-08 0.783474 0.00469754 0.0178621 0.00443509 0.0382781 0.0352179 0.00570048 0.000248025 0.00559882 0.00171501 0.00169888 0.00589737 0.000533255 0.00597328 0.0022582 0.00224802
16 65536 2 7.1e-08 0.729913 3.2e-08 0.78565 0.004626 0.0175226 0.0043077 0.0384406 0.0353978 0.00585124 0.00024784 0.00598464 0.00185116 0.00252129 0.0097035 0.00100205 0.0096359 0.00209107 0.00210327
16 65536 2 6.4e-08 0.737293 3.3e-08 0.780264 0.00520616 0.0189741 0.00437711 0.0384604 0.0355957 0.00586432 0.000261715 0.00564546 0.00171259 0.00183416 0.00615184 0.000524051 0.00604407 0.00240567 0.00225446
16 65536 2 7e-08 0.738345 3.2e-08 0.788071 0.00599238 0.0182448 0.00451063 0.0392824 0.0357422 0.00611415 0.000247321 0.00601706 0.00185879 0.00183417 0.00627388 0.000523229 0.00605508 0.00226931 0.00227064
16 65536 2 6.6e-08 0.736933 3.2e-08 0.781321 0.00598332 0.0195255 0.00485823 0.0398969 0.037158 0.00629827 0.000247543 0.00606915 0.00184822 0.00184228 0.00629989 0.000523799 0.00632429 0.00228986 0.00232554
16 65536 2 6.9e-08 0.75979 3.1e-08 0.780782 0.00464446 0.0179575 0.00426569 0.0383754 0.0354714 0.00571361 0.000247871 0.00562274 0.00174413 0.00179589 0.00635847 0.000522241 0.00603068 0.00228465 0.00228751
16 65536 2 6e-08 0.741867 3.2e-08 0.780759 0.00454134 0.0179825 0.00425096 0.0383656 0.035315 0.00576833 0.000247579 0.00555911 0.00175031 0.0017031 0.00574189 0.000521782 0.00607159 0.00227197 0.00226109
16 65536 2 6.8e-08 0.734012 3.8e-08 0.785023 0.00485582 0.01864 0.00460185 0.03845 0.0367815 0.00576058 0.000271443 0.00579597 0.00170516 0.00170054 0.00601019 0.000524445 0.00606616 0.00227354 0.00226324
16 65536 2 6.2e-08 0.743935 3.2e-08 0.788582 0.00451116 0.0176645 0.00421287 0.0383497 0.0353371 0.0057219 0.000247255 0.00591788 0.00186159 0.00191894 0.00607877 0.000523842 0.006042 0.00224944 0.00226139
16 65536 2 1.17e-07 0.749732 3.1e-08 0.78233 0.00462802 0.0175328 0.00425555 0.0382654 0.0352936 0.00588279 0.000247719 0.0055595 0.00171058 0.00167629 0.00596713 0.000524127 0.0060685 0.00226996 0.00227413
16 65536 2 6.8e-08 0.732966 3.2e-08 0.788299 0.00465812 0.0176714 0.00429027 0.0382211 0.0354041 0.0057966 0.000247413 0.00608543 0.00186561 0.00183052 0.00603651 0.000523846 0.00599513 0.00227528 0.00226359
16 131072 2 6.9e-08 1.47428 3.2e-08 1.56837 0.00868265 0.0351048 0.00783637 0.0772232 0.0715532 0.010842 0.000262796 0.0112241 0.00346228 0.00315875 0.0105884 0.000510579 0.0112459 0.00416519 0.00397764
16 131072 2 8.5e-08 1.45674 3.5e-08 1.56205 0.00866094 0.0366114 0.0081856 0.0784156 0.0737029 0.0108639 0.000267387 0.0106191 0.00345535 0.0033501 0.0104491 0.000509558 0.0106997 0.00415696 0.00398813
16 131072 2 6.1e-08 1.46265 3.2e-08 1.56266 0.00837571 0.0350183 0.00784858 0.0770429 0.071314 0.010712 0.000262993 0.0103976 0.00323139 0.00345292 0.0111969 0.000511325 0.0103911 0.00372214 0.00406143
16 131072 2 7.9e-08 1.45697 3.2e-08 1.55921 0.00857537 0.0365989 0.00769606 0.0768556 0.0713044 0.0106918 0.000250915 0.0105038 0.00317864 0.00317721 0.0103555 0.000531821 0.0104912 0.00369697 0.00400928
16 131072 2 6.8e-08 1.46763 3.2e-08 1.57546 0.00839298 0.0351279 0.00788737 0.0771828 0.0713029 0.0107551 0.000250281 0.0104152 0.00318545 0.00318075 0.0111189 0.00055477 0.0112759 0.00370119 0.00372262
16 131072 2 6.8e-08 1.46734 3.3e-08 1.56479 0.00831719 0.0349799 0.00782278 0.0769499 0.0713791 0.0107247 0.000262938 0.0107151 0.00319244 0.00337111 0.0110992 0.000510751 0.0104844 0.00370778 0.00402042
16 131072 2 7.6e-08 1.46903 3.2e-08 1.56424 0.00833168 0.0354146 0.00837046 0.0784845 0.07121 0.0106503 0.000263377 0.0104303 0.00318805 0.00342506 0.0112332 0.000508796 0.010501 0.00372462 0.00414209
16 131072 2 5.8e-08 1.46689 3.1e-08 1.55932 0.00840157 0.0349837 0.00778883 0.0777759 0.0712272 0.010622 0.000262712 0.0104258 0.00322709 0.00343476 0.0112062 0.000509083 0.0104188 0.00371516 0.00404827
16 131072 2 1.11e-07 1.45636 3.2e-08 1.56273 0.00828246 0.0350135 0.00776458 0.0768485 0.0712165 0.0107662 0.000262418 0.0104991 0.00321244 0.00341879 0.0110476 0.000509864 0.0105902 0.0036903 0.00411321
16 131072 2 6.5e-08 1.4606 3.2e-08 1.55832 0.00827791 0.0365353 0.0079899 0.0772419 0.0712974 0.0107504 0.000256496 0.0104157 0.00317978 0.00311648 0.0110009 0.00055269 0.0112896 0.00389678 0.00371015
16 131072 2 1.27e-07 1.46007 3.1e-08 1.56454 0.00872483 0.0366079 0.00809431 0.0784448 0.0722452 0.0108007 0.000263155 0.0104396 0.00324602 0.00317811 0.0112692 0.000553618 0.0112471 0.00374442 0.00371065
16 131072 2 6.2e-08 1.46162 3.2e-08 1.55677 0.00824805 0.0351023 0.00797818 0.0768841 0.0711838 0.0108572 0.000251246 0.0104533 0.00317212 0.00314688 0.01201 0.000552736 0.0120353 0.00407143 0.00396257
16 131072 2 7.2e-08 1.46114 3.1e-08 1.56302 0.00821035 0.0350321 0.00788177 0.0771434 0.0729036 0.0106979 0.000262433 0.0110897 0.00347762 0.00341522 0.0112421 0.000510881 0.010522 0.00374225 0.00403683
16 131072 2 7.5e-08 1.46442 3.2e-08 1.55842 0.00876396 0.0366392 0.0122668 0.0793264 0.0728428 0.0111379 0.000250627 0.011816 0.00346665 0.00344244 0.0122983 0.000552566 0.0121884 0.00404229 0.00403602
16 131072 2 7.7e-08 1.4676 2.6e-08 1.56847 0.00826737 0.0362849 0.00772483 0.0773789 0.0714685 0.0106317 0.00026291 0.0103928 0.00321112 0.00342518 0.0110976 0.000508144 0.0104612 0.00377101 0.00408092
16 131072 2 9.2e-08 1.4607 3.2e-08 1.55916 0.00874557 0.0370419 0.00814433 0.0770167 0.0713446 0.012668 0.000250902 0.0122012 0.0039588 0.00343156 0.011521 0.000554994 0.011339 0.0040362 0.00383064
16 131072 2 7.8e-08 1.45397 3.6e-08 1.5621 0.00875101 0.0366106 0.00814137 0.0788238 0.0728348 0.0117691 0.000284628 0.0115929 0.00347227 0.00350485 0.011734 0.000554132 0.0116916 0.00406306 0.00406542
16 131072 2 1e-07 1.46079 4.3e-08 1.56363 0.0087131 0.036612 0.00772754 0.0774141 0.0713034 0.0107895 0.000262768 0.010504 0.0032626 0.00341502 0.0108827 0.00050833 0.0103273 0.0037875 0.00382665
16 131072 2 7.5e-08 1.46117 3.2e-08 1.55733 0.00869449 0.0366435 0.00775152 0.0767731 0.0711608 0.0107039 0.00025081 0.0105324 0.00319559 0.0031501 0.0109724 0.000555367 0.0113384 0.00389052 0.00371255
16 131072 2 7.5e-08 1.45346 3.2e-08 1.56233 0.008374 0.03501 0.0077418 0.076992 0.0726891 0.0107437 0.000263116 0.0109023 0.00326639 0.00342197 0.0112741 0.000554919 0.011533 0.00382146 0.00370466
16 262144 2 6.6e-08 2.89713 3.1e-08 3.15697 0.0160995 0.0701777 0.0157247 0.156922 0.155999 0.0205158 0.000301655 0.0209794 0.00659655 0.00659275 0.0205053 0.000540592 0.0201874 0.00697656 0.00699874
16 262144 2 6.5e-08 2.90029 3.2e-08 3.19408 0.0159959 0.0713359 0.0157341 0.156851 0.15631 0.0206679 0.000278292 0.0202099 0.00611496 0.0060961 0.0202526 0.000542937 0.0203522 0.00690559 0.0069911
16 262144 2 8.7e-08 2.90291 3.8e-08 3.16109 0.015969 0.0711189 0.0156974 0.157078 0.156982 0.02064 0.00027834 0.0202758 0.00613785 0.00605641 0.0202592 0.000543438 0.0202171 0.00701968 0.00759457
16 262144 2 6.6e-08 2.93643 3.2e-08 3.18725 0.0250575 0.0711128 0.0176715 0.157943 0.160602 0.0207833 0.000279151 0.020191 0.00608952 0.00654843 0.0201695 0.00054115 0.0202161 0.0069435 0.00693852
16 262144 2 7e-08 2.89968 3.2e-08 3.15333 0.0159401 0.0705932 0.0156898 0.156808 0.156101 0.0223069 0.000301904 0.0205186 0.0060815 0.00616991 0.0203018 0.000543589 0.0202055 0.00702406 0.00692424
16 262144 2 6e-08 2.90465 3.2e-08 3.15588 0.0157526 0.0702369 0.0155978 0.156806 0.15613 0.0206788 0.000278032 0.0203085 0.00608358 0.00602466 0.0204221 0.000542743 0.0203431 0.00699449 0.00702656
16 262144 2 6.7e-08 2.91463 3.6e-08 3.1686 0.0158995 0.0719726 0.0156823 0.157468 0.156626 0.0205292 0.000278126 0.0202164 0.00641817 0.00606499 0.0202607 0.000550198 0.0202374 0.00698691 0.00701598
16 262144 2 7.1e-08 2.92042 3.3e-08 3.17148 0.0159871 0.0711629 0.0166841 0.157626 0.156371 0.023533 0.000278489 0.0213698 0.00659568 0.00633974 0.0212472 0.000588997 0.0223783 0.00758163 0.00700006
16 262144 2 8.2e-08 3.07473 3.2e-08 3.16494 0.0159945 0.0703337 0.0156338 0.156937 0.155969 0.0206721 0.000278442 0.0202027 0.00618002 0.00608279 0.0218617 0.000588856 0.0221167 0.00727197 0.00698548
16 262144 2 7.9e-08 2.91139 3.2e-08 3.17009 0.0157821 0.0712719 0.0154653 0.156875 0.156081 0.0205153 0.000266185 0.020337 0.00613273 0.00609882 0.0202742 0.000542648 0.0202192 0.00711741 0.00707669
16 262144 2 5.7e-08 2.91636 3.2e-08 3.16013 0.0157812 0.0701201 0.0155276 0.156744 0.156099 0.0206417 0.000283887 0.0201215 0.00611608 0.00609221 0.0201526 0.000541287 0.0204224 0.00691453 0.00701565
16 262144 2 8e-08 2.90549 3.2e-08 3.15158 0.0174927 0.0715764 0.0178424 0.1573 0.156007 0.0206025 0.000278058 0.0201751 0.00621919 0.00602772 0.0201289 0.000540786 0.0202879 0.00699137 0.00691705
16 262144 2 7.3e-08 2.8979 3.2e-08 3.16459 0.0158714 0.0703037 0.0156358 0.156725 0.156171 0.0204495 0.0002659 0.0204453 0.00606025 0.00608856 0.0203306 0.000542285 0.0202877 0.0069934 0.00697426
16 262144 2 6.4e-08 2.90959 3.2e-08 3.1591 0.0158804 0.0705531 0.0154983 0.156915 0.156264 0.026565 0.000278434 0.0209297 0.00659527 0.00663024 0.0227146 0.000542002 0.0205529 0.00692376 0.00698934
16 262144 2 7.6e-08 2.91322 3e-08 3.17205 0.0158223 0.0704549 0.0156248 0.156613 0.156309 0.0206727 0.000278436 0.0202075 0.00606526 0.00604678 0.0201033 0.000542958 0.020087 0.00698541 0.00758982
16 262144 2 6.6e-08 2.90778 3.3e-08 3.16597 0.0159636 0.0699478 0.0157945 0.156673 0.156049 0.0205318 0.000278371 0.0202891 0.00612056 0.00607843 0.0201925 0.000540491 0.0204465 0.00702939 0.00727114
16 262144 2 1.16e-07 2.91348 3.4e-08 3.16025 0.015899 0.0702794 0.0159728 0.158538 0.156431 0.0207228 0.000278343 0.0203028 0.00642567 0.00612363 0.0203584 0.0005431 0.0202779 0.00697353 0.00698493
16 262144 2 7.2e-08 2.89948 3.2e-08 3.15713 0.0160418 0.0702814 0.0159248 0.157105 0.157268 0.0223675 0.000288931 0.0229729 0.00668754 0.00641804 0.020301 0.000541888 0.0224095 0.00755228 0.00698664
16 262144 2 6.4e-08 2.91023 3.1e-08 3.15219 0.0158361 0.0700685 0.015419 0.156666 0.156713 0.0217228 0.000301789 0.0228307 0.00659277 0.00659906 0.0266618 0.00067669 0.0229471 0.00725254 0.00762733
16 262144 2 6e-08 2.91102 3.1e-08 3.15538 0.0164069 0.0715501 0.0156575 0.156799 0.156169 0.0207837 0.000278859 0.0204355 0.00612516 0.0061455 0.0219926 0.000589473 0.0210652 0.00695773 0.00699471
16 524288 2 9.6e-08 5.7983 3.8e-08 8.20287 0.0313838 0.143329 0.031061 0.312184 0.311281 0.040583 0.00028215 0.040199 0.0120294 0.0122274 0.0404582 0.000578811 0.0424976 0.0135912 0.0135849
16 524288 2 6.9e-08 5.87867 2.9e-08 8.34582 0.0332053 0.140316 0.0373061 0.311935 0.310573 0.0402836 0.000281975 0.0401757 0.0121708 0.0121351 0.0401359 0.000579006 0.039834 0.0135432 0.0134738
16 524288 2 7.6e-08 5.88909 3.2e-08 8.28971 0.0340011 0.140513 0.0336715 0.310992 0.311264 0.0535088 0.000281574 0.0424817 0.0121198 0.012113 0.0428986 0.000578496 0.0435221 0.0136868 0.0139383
16 524288 2 6.1e-08 5.89037 3.2e-08 8.18551 0.0334759 0.140996 0.0308541 0.311127 0.310519 0.0405379 0.000281405 0.0400186 0.0120369 0.0120977 0.0400743 0.000578495 0.040436 0.0135217 0.0135732
16 524288 2 1.17e-07 5.8365 3.2e-08 8.21233 0.031379 0.141851 0.0483815 0.311354 0.310854 0.0400624 0.000281625 0.0499302 0.0120834 0.0124688 0.0421457 0.000578866 0.0404016 0.013553 0.0136169
16 524288 2 1.18e-07 5.83865 3.2e-08 8.18991 0.0372592 0.140497 0.0308796 0.311582 0.31046 0.0399533 0.000281666 0.0400838 0.0121634 0.0125723 0.0400253 0.000578496 0.040139 0.0137547 0.0135422
16 524288 2 6.7e-08 5.81269 3.1e-08 8.23513 0.0368497 0.141144 0.0325042 0.311381 0.310868 0.0402673 0.000282479 0.042526 0.0122014 0.0126763 0.0404809 0.000594438 0.0403333 0.0136861 0.0136896
16 524288 2 1.25e-07 5.79574 3.2e-08 8.24317 0.0321931 0.140813 0.03344 0.310896 0.310438 0.0465014 0.000295046 0.0428625 0.0119885 0.0120347 0.0402919 0.00057511 0.0405909 0.0137659 0.0136508
16 524288 2 7.8e-08 5.81685 3.2e-08 8.21998 0.0314751 0.141912 0.0310315 0.311199 0.310821 0.040519 0.000282029 0.0404161 0.0120957 0.0121284 0.0404493 0.000578841 0.0430796 0.0135681 0.0135999
16 524288 2 8.4e-08 5.80797 3.1e-08 8.17795 0.0377135 0.140823 0.0370897 0.310406 0.310179 0.0403998 0.000282261 0.0404239 0.012088 0.0124122 0.0404801 0.000584359 0.0403845 0.0136181 0.0136689
16 524288 2 6.5e-08 5.79998 2.9e-08 8.26511 0.0312446 0.140176 0.0308923 0.31092 0.310046 0.0408399 0.000281667 0.0403717 0.012105 0.0121263 0.0403817 0.000578839 0.0402349 0.0135577 0.0135924
16 524288 2 5.9e-08 5.80018 3.7e-08 8.18669 0.0309421 0.140009 0.0336332 0.311215 0.310365 0.0402045 0.000294958 0.040086 0.0121144 0.0121025 0.0401117 0.000575831 0.0403873 0.0134418 0.0135936
16 524288 2 7.5e-08 5.81297 3.2e-08 8.24351 0.0314975 0.14325 0.0310175 0.310878 0.310953 0.0405465 0.000282097 0.0403576 0.0121555 0.0121141 0.0403661 0.000579147 0.0404831 0.0135753 0.0135864
16 524288 2 8.9e-08 5.80938 3.3e-08 8.28508 0.038036 0.14003 0.0309418 0.310878 0.31029 0.0407076 0.000282216 0.0405597 0.012214 0.0120512 0.0406084 0.00057936 0.0433802 0.0136185 0.0135856
16 524288 2 6.8e-08 5.81508 4.4e-08 8.21638 0.0311034 0.140263 0.0324191 0.311101 0.310121 0.0402986 0.00028153 0.0400241 0.0120159 0.0120696 0.0399802 0.000577726 0.0400817 0.0136793 0.0136003
16 524288 2 1.54e-07 5.81194 3.1e-08 8.24998 0.0331016 0.140295 0.0374155 0.311084 0.311204 0.0405322 0.00028178 0.0404042 0.0121327 0.0120963 0.0404464 0.00057911 0.0400503 0.0134783 0.0136044
16 524288 2 1.13e-07 5.81149 3e-08 8.24197 0.0324781 0.143312 0.0309013 0.311034 0.311048 0.0403261 0.000282021 0.0402413 0.0120318 0.0119203 0.0404391 0.00058364 0.0405604 0.0136322 0.0135737
16 524288 2 6.2e-08 5.78994 3.2e-08 8.2543 0.0379672 0.140119 0.0308787 0.311189 0.31002 0.0400728 0.000282293 0.0401798 0.012066 0.0121984 0.0401631 0.000594445 0.0403331 0.0147849 0.0148608
16 524288 2 1.07e-07 5.82606 3.2e-08 8.22777 0.0308857 0.142484 0.0312267 0.311183 0.310829 0.0406559 0.00028213 0.0402813 0.0121457 0.0121383 0.0403436 0.000578887 0.0404152 0.0136992 0.0137362
16 524288 2 1.09e-07 5.8051 3.2e-08 8.2674 0.0313279 0.14003 0.0309141 0.311073 0.310389 0.0404779 0.00028221 0.0401413 0.0120386 0.0120801 0.0398959 0.000592617 0.0399233 0.0137114 0.013617
16 1048576 2 1.01e-07 11.5689 2.9e-08 18.4309 0.0738557 0.290424 0.0607255 0.619223 0.618158 0.0801139 0.000296192 0.079756 0.0238735 0.0245099 0.0802653 0.000625053 0.0800217 0.028754 0.0287309
16 1048576 2 6.6e-08 11.6959 3.2e-08 18.3904 0.0622729 0.283235 0.0602206 0.619056 0.618295 0.0812565 0.000296292 0.0801723 0.0241292 0.0238893 0.0797009 0.000610769 0.0799461 0.0293008 0.0293105
16 1048576 2 9.2e-08 11.6164 4.6e-08 18.4519 0.0647448 0.281294 0.0606926 0.618308 0.618149 0.0792756 0.00029561 0.0796453 0.0239467 0.0239843 0.0798663 0.000604608 0.0798402 0.0289401 0.0289882
16 1048576 2 6.6e-08 11.7229 3.1e-08 18.6125 0.0602983 0.284598 0.0629824 0.619699 0.618734 0.0829666 0.000295979 0.0817975 0.0239939 0.0240725 0.0823826 0.000604769 0.0800967 0.0293356 0.0293381
16 1048576 2 7.6e-08 11.5875 3.2e-08 18.3569 0.0644761 0.279985 0.0625943 0.617181 0.617825 0.0795026 0.000308031 0.0798924 0.0239339 0.0238374 0.0800855 0.000610774 0.0800853 0.0288461 0.0286501
16 1048576 2 8.8e-08 11.5861 3.2e-08 18.2483 0.0603531 0.290344 0.0602713 0.619177 0.620042 0.07987 0.000295382 0.0796833 0.0239626 0.0243523 0.0798636 0.000604657 0.0794484 0.0286827 0.028865
16 1048576 2 7.7e-08 11.688 4.7e-08 18.4769 0.0669812 0.279915 0.0605508 0.618867 0.618565 0.0800057 0.000295546 0.0795074 0.0240315 0.0240346 0.0802517 0.00060501 0.0798977 0.0286057 0.0286751
16 1048576 2 1.23e-07 11.5782 3e-08 18.6071 0.0607845 0.279924 0.0606993 0.619442 0.618749 0.0800811 0.00029549 0.0801539 0.0239159 0.0241749 0.082894 0.00060604 0.0801138 0.0288118 0.0292664
16 1048576 2 8.9e-08 11.6322 3.2e-08 18.5167 0.0644842 0.280304 0.0606835 0.61933 0.617852 0.0796813 0.000295488 0.0795201 0.0242285 0.0239726 0.0797587 0.000604965 0.0802819 0.0289607 0.0291521
16 1048576 2 1.28e-07 11.6228 3.2e-08 18.3958 0.0608276 0.282123 0.060538 0.619888 0.618989 0.0800789 0.000323392 0.0798481 0.0240297 0.0239066 0.0802755 0.000606104 0.0801205 0.0287498 0.0286774
16 1048576 2 6.6e-08 11.5799 3e-08 18.504 0.0704116 0.285186 0.0627127 0.618649 0.617415 0.0822288 0.000296094 0.0821274 0.023795 0.0239434 0.0822174 0.000605047 0.0831682 0.0290032 0.0289678
16 1048576 2 6.8e-08 11.6274 3.2e-08 18.4831 0.06033 0.280103 0.0601629 0.619086 0.618018 0.0796481 0.000296308 0.0796192 0.0242477 0.0237889 0.07944 0.000606447 0.0801587 0.0286441 0.0291895
16 1048576 2 1.15e-07 11.5884 3.2e-08 18.4033 0.0684092 0.281644 0.0606894 0.618531 0.61739 0.0812952 0.000295319 0.0792192 0.0240681 0.0240724 0.0792765 0.00060458 0.0791931 0.0292935 0.0286277
16 1048576 2 1.22e-07 11.5922 3.1e-08 18.4005 0.0609957 0.28123 0.0601717 0.628693 0.625441 0.0795719 0.000295582 0.0793667 0.0238447 0.0238004 0.0795924 0.000606484 0.0860592 0.0291587 0.0287549
16 1048576 2 1.32e-07 11.5909 3.1e-08 18.371 0.0672504 0.280148 0.0599072 0.618997 0.617759 0.0799839 0.00029611 0.0798105 0.0237968 0.0240577 0.0791828 0.000623268 0.0799861 0.0290406 0.0288658
16 1048576 2 7.2e-08 11.5799 3.1e-08 18.4102 0.0604926 0.281709 0.0601694 0.618028 0.616579 0.0813829 0.000295453 0.0798148 0.0240741 0.0241642 0.085653 0.000606218 0.0801121 0.0287535 0.0287929
16 1048576 2 1.28e-07 11.7124 3.1e-08 18.4631 0.0677402 0.280062 0.0601626 0.618747 0.618242 0.0800307 0.000295863 0.0830306 0.0241623 0.0241978 0.0795668 0.000623531 0.0802392 0.0292338 0.0292027
16 1048576 2 6.5e-08 11.5658 3.3e-08 18.3885 0.0610922 0.290469 0.0636289 0.618189 0.617559 0.0821946 0.000296085 0.0819267 0.0238415 0.0243481 0.0820309 0.000607053 0.0804347 0.0292137 0.0290137
16 1048576 2 1.3e-07 11.5797 3.9e-08 18.4621 0.0650419 0.296564 0.0602794 0.618527 0.617837 0.0798414 0.000295658 0.0792538 0.0239258 0.0245683 0.0799644 0.000607416 0.0799926 0.0291538 0.0292173
16 1048576 2 6.2e-08 11.5724 3.7e-08 18.4106 0.060263 0.282929 0.0607508 0.618569 0.617015 0.0823708 0.000295998 0.0825225 0.0239437 0.0241188 0.082568 0.000607338 0.0821473 0.0288826 0.0288877
16 2097152 2 1.25e-07 23.1444 3.8e-08 38.918 0.127948 0.560651 0.120794 1.24102 1.2352 0.163483 0.000309392 0.162004 0.0486713 0.0482132 0.162423 0.000634412 0.160909 0.0573611 0.0583249
16 2097152 2 1.15e-07 23.091 4.6e-08 38.885 0.127904 0.56082 0.120624 1.23477 1.23447 0.162057 0.000309653 0.162146 0.0482449 0.0484742 0.164382 0.000634868 0.162082 0.0588416 0.0589095
16 2097152 2 6.2e-08 23.4123 4.1e-08 39.0377 0.127506 0.561865 0.120164 1.23936 1.23999 0.162281 0.000309447 0.16209 0.0480235 0.0489514 0.162369 0.000633804 0.16226 0.058308 0.0585137
16 2097152 2 1.27e-07 23.1237 4.1e-08 38.8175 0.12819 0.561923 0.120381 1.23694 1.23579 0.164949 0.000309042 0.168154 0.0478503 0.0482149 0.162443 0.000634935 0.162154 0.0575933 0.0579449
16 2097152 2 1.18e-07 23.1982 4.6e-08 39.0128 0.126883 0.562989 0.122705 1.23986 1.238 0.163019 0.000310294 0.162008 0.0481361 0.048484 0.162147 0.00063362 0.168705 0.0585924 0.0585348
16 2097152 2 1.17e-07 23.4487 3.2e-08 38.9599 0.12809 0.562877 0.119614 1.23468 1.23427 0.16191 0.000309122 0.161876 0.0478453 0.0479756 0.162071 0.000640417 0.161927 0.0582858 0.0581711
16 2097152 2 1.22e-07 23.1083 4.1e-08 38.929 0.126955 0.562572 0.120753 1.23528 1.23407 0.164264 0.000308934 0.164776 0.0483335 0.0479236 0.160854 0.000634431 0.162058 0.0572736 0.0580548
16 2097152 2 1.02e-07 23.2231 4.2e-08 38.805 0.127501 0.56097 0.120392 1.23569 1.23577 0.162151 0.000309102 0.162105 0.0483438 0.0479871 0.162053 0.000633112 0.162021 0.0579611 0.0582552
16 2097152 2 1.25e-07 23.0966 3.1e-08 38.7749 0.128445 0.56751 0.122741 1.23392 1.23411 0.163309 0.000308743 0.163306 0.0484787 0.0484857 0.162018 0.000632972 0.162537 0.0585871 0.0585304
16 2097152 2 1.27e-07 23.3121 3.2e-08 39.0736 0.127923 0.565274 0.120024 1.23636 1.2363 0.163414 0.000309555 0.162124 0.0482347 0.0482459 0.162114 0.000634551 0.162071 0.0582328 0.0582237
16 2097152 2 1.28e-07 23.1727 4.3e-08 38.8512 0.180576 0.566604 0.119099 1.23474 1.23663 0.165417 0.000308982 0.169523 0.0484995 0.0481582 0.164772 0.000632805 0.162248 0.0573928 0.0577391
16 2097152 2 1.5e-07 23.0947 4.1e-08 38.7997 0.127631 0.561317 0.12318 1.23475 1.2352 0.169189 0.000309191 0.164934 0.0483624 0.0484875 0.162462 0.00063318 0.162664 0.0574933 0.0572466
16 2097152 2 1.3e-07 23.1058 3.1e-08 38.9314 0.127933 0.55957 0.122637 1.23528 1.23513 0.16516 0.000308539 0.161701 0.0478477 0.047947 0.1618 0.000633524 0.161993 0.0571885 0.0569871
16 2097152 2 1.28e-07 23.1097 4.1e-08 38.7569 0.126975 0.561325 0.120493 1.235 1.23507 0.165288 0.000309179 0.163944 0.0483401 0.0480635 0.164687 0.000636659 0.164323 0.058114 0.0582127
16 2097152 2 1.3e-07 23.1135 3.1e-08 38.7822 0.126848 0.559612 0.121546 1.23222 1.2321 0.166537 0.000309747 0.165281 0.0483073 0.0484057 0.161878 0.000635475 0.162341 0.057743 0.0578961
16 2097152 2 1.31e-07 23.1103 3e-08 38.8332 0.127535 0.563208 0.120744 1.23547 1.23499 0.165922 0.000315717 0.164106 0.0482003 0.0478094 0.16228 0.000635745 0.162526 0.0585736 0.0580064
16 2097152 2 1.24e-07 23.1045 3.2e-08 38.9264 0.127652 0.58199 0.12064 1.23459 1.23468 0.165282 0.000314147 0.163803 0.0484284 0.0486242 0.161994 0.000633834 0.161738 0.0581064 0.0571627
16 2097152 2 1.14e-07 23.1392 3.2e-08 38.6992 0.12803 0.570547 0.119715 1.23445 1.23653 0.164888 0.000309005 0.164601 0.0483906 0.0485189 0.160807 0.000642186 0.161792 0.0588523 0.0585764
16 2097152 2 1.27e-07 23.1521 4.1e-08 38.8232 0.128135 0.55964 0.120531 1.25043 1.25009 0.16297 0.000327467 0.164062 0.0479079 0.0485294 0.162002 0.000633283 0.161917 0.0582741 0.0584835
16 2097152 2 1.27e-07 23.1558 3.2e-08 38.7833 0.126774 0.562143 0.119328 1.23414 1.23463 0.170138 0.000308952 0.168138 0.0483474 0.0490656 0.163926 0.000635691 0.161661 0.0574323 0.0572057
16 4194304 2 1.39e-07 46.6245 4e-08 79.8385 0.247842 1.12033 0.237019 2.46967 2.47159 0.323135 0.000325027 0.320823 0.106178 0.107195 0.320504 0.000662076 0.323098 0.114285 0.115159
16 4194304 2 1.27e-07 46.1933 4.6e-08 79.7852 0.246815 1.11943 0.240274 2.47106 2.47277 0.325354 0.000324476 0.321259 0.105658 0.106375 0.322455 0.000661449 0.324789 0.118538 0.11418
16 4194304 2 9.4e-08 46.1872 3e-08 79.5968 0.253142 1.12241 0.239858 2.46793 2.46758 0.327388 0.000325653 0.330488 0.107064 0.104924 0.320565 0.00066475 0.32293 0.11495 0.115271
16 4194304 2 1.37e-07 46.1522 3e-08 79.7679 0.247499 1.12781 0.24005 2.47091 2.47344 0.323282 0.000325936 0.325111 0.106446 0.106495 0.320986 0.000661909 0.323268 0.119241 0.118005
16 4194304 2 6.3e-08 46.204 3.1e-08 79.659 0.246911 1.11969 0.239385 2.47096 2.47107 0.325645 0.000325716 0.323203 0.106672 0.106479 0.328143 0.000662884 0.322065 0.11855 0.116052
16 4194304 2 1.25e-07 46.1384 3.2e-08 79.6193 0.248087 1.12475 0.23916 2.47029 2.47277 0.323498 0.000325434 0.32084 0.107753 0.107848 0.323556 0.00066291 0.323255 0.115645 0.114956
16 4194304 2 1.25e-07 46.4812 2.9e-08 82.3803 0.247204 1.11971 0.239759 2.47068 2.47042 0.325503 0.000325409 0.323171 0.106676 0.107279 0.322921 0.000667379 0.32274 0.116189 0.116095
16 4194304 2 7.3e-08 46.3035 3.1e-08 79.7536 0.24521 1.12065 0.237805 2.47196 2.4688 0.327785 0.000326208 0.332725 0.10614 0.106094 0.332743 0.000664837 0.333518 0.114158 0.114068
16 4194304 2 1.32e-07 46.1702 3.1e-08 79.9692 0.245777 1.12124 0.239518 2.46617 2.46543 0.324954 0.000328822 0.324348 0.112412 0.106548 0.322394 0.000662848 0.322913 0.114383 0.116641
16 4194304 2 9.2e-08 46.1966 3.2e-08 79.8059 0.246544 1.12559 0.24026 2.47242 2.47008 0.323428 0.000329221 0.324084 0.105979 0.106304 0.322055 0.000666125 0.323463 0.114396 0.116047
16 4194304 2 1.27e-07 46.2341 3e-08 79.7277 0.246702 1.1287 0.240087 2.46802 2.46775 0.327502 0.000325031 0.329329 0.106455 0.106444 0.323856 0.000664545 0.322652 0.114568 0.1145
16 4194304 2 6.7e-08 46.2656 3.2e-08 80.6488 0.247405 1.12185 0.239937 2.47028 2.46912 0.325855 0.000328704 0.323933 0.106952 0.107861 0.323686 0.000664235 0.323005 0.11487 0.115754
16 4194304 2 1.35e-07 46.2439 3.1e-08 79.6627 0.246735 1.12008 0.239851 2.47039 2.47015 0.325241 0.000326166 0.327592 0.1084 0.104467 0.321267 0.000663309 0.322685 0.11453 0.113911
16 4194304 2 8.8e-08 46.1255 3.2e-08 79.7941 0.246801 1.1213 0.239356 2.46918 2.4678 0.322645 0.000325908 0.32345 0.108681 0.106608 0.323723 0.000666778 0.32349 0.115558 0.1162
16 4194304 2 1.7e-07 46.2331 3.2e-08 79.8238 0.247982 1.12527 0.239609 2.4699 2.4692 0.327496 0.00032533 0.323104 0.106591 0.105374 0.324599 0.000662787 0.323895 0.116835 0.114937
16 4194304 2 1.15e-07 46.1188 3.2e-08 79.9729 0.245444 1.12529 0.239929 2.4679 2.46745 0.326788 0.000330094 0.32425 0.105991 0.106043 0.324291 0.000663381 0.329914 0.115419 0.115734
16 4194304 2 1.27e-07 46.1588 3e-08 80.1774 0.247268 1.12767 0.238797 2.46964 2.46875 0.322764 0.00032531 0.320511 0.106007 0.105097 0.320212 0.000663155 0.322858 0.116254 0.116903
16 4194304 2 1.15e-07 46.2864 3.2e-08 79.8097 0.252522 1.1202 0.245839 2.47082 2.47019 0.331096 0.000325939 0.328436 0.106973 0.105029 0.327492 0.000663052 0.328965 0.115422 0.116059
16 4194304 2 1.37e-07 46.3791 3.2e-08 79.7624 0.248253 1.11868 0.239444 2.46913 2.46773 0.326069 0.000326134 0.32386 0.105856 0.106 0.334691 0.000663473 0.32639 0.115619 0.115537
16 4194304 2 1.15e-07 46.2803 3e-08 79.8414 0.247264 1.1198 0.240401 2.46933 2.47193 0.324884 0.000325217 0.323175 0.105003 0.106363 0.323212 0.00066428 0.323483 0.115944 0.115212
16 8388608 2 1.3e-07 92.2817 3e-08 160.974 0.491833 2.24235 0.484667 4.9795 4.98055 0.669654 0.000789963 0.670316 0.215748 0.216398 0.673224 0.000690683 0.667554 0.237675 0.238263
16 8388608 2 1.33e-07 92.2736 3.1e-08 160.923 0.491794 2.24246 0.484709 4.9967 4.99842 0.667436 0.000790347 0.667472 0.217621 0.216556 0.671523 0.000690638 0.66926 0.236322 0.232883
16 8388608 2 6.7e-08 92.5099 4.5e-08 161.107 0.491899 2.24144 0.485277 4.98092 4.99126 0.669987 0.000790383 0.667144 0.21783 0.215134 0.664031 0.000696269 0.669838 0.239874 0.24146
16 8388608 2 1.3e-07 92.2178 3.9e-08 161.448 0.490105 2.24311 0.479602 4.9751 4.97585 0.66202 0.000791598 0.662147 0.216217 0.215774 0.662356 0.000700995 0.665693 0.234678 0.234599
16 8388608 2 8.7e-08 92.2467 3.3e-08 161.113 0.49679 2.24517 0.488756 5.00378 5.00615 0.664578 0.000790456 0.666269 0.215079 0.216392 0.66649 0.00069117 0.667427 0.235505 0.238525
16 8388608 2 1.28e-07 92.2492 3.1e-08 161.107 0.487218 2.24613 0.481009 4.97771 4.97776 0.668641 0.000790154 0.662635 0.214318 0.216819 0.662123 0.000689589 0.665337 0.23826 0.253575
16 8388608 2 1.25e-07 92.3135 3.2e-08 161.346 0.492842 2.24685 0.481335 4.98823 5.00135 0.661836 0.000790723 0.661453 0.215833 0.2149 0.667046 0.000689214 0.663971 0.237812 0.24394
16 8388608 2 1.28e-07 92.2441 3.2e-08 160.859 0.489244 2.24601 0.487576 4.977 4.98759 0.664172 0.000789963 0.669064 0.21491 0.216097 0.663452 0.000691089 0.667661 0.239483 0.238222
16 8388608 2 1.17e-07 92.279 2.9e-08 160.907 0.492298 2.24674 0.483423 4.96472 4.97605 0.670141 0.000790684 0.665953 0.217275 0.215004 0.672206 0.000694215 0.665724 0.238266 0.239263
16 8388608 2 1.27e-07 92.2486 3.2e-08 161.073 0.49122 2.24255 0.485168 4.99887 5.00059 0.662063 0.000790707 0.66643 0.214968 0.216701 0.667005 0.000691095 0.666794 0.239044 0.237052
16 8388608 2 1.33e-07 92.3804 3.2e-08 161.216 0.492654 2.24298 0.484172 4.97956 4.97779 0.66642 0.000805966 0.666213 0.215595 0.216951 0.663821 0.000690663 0.665727 0.238055 0.238309
16 8388608 2 1.25e-07 92.2667 3.7e-08 161.227 0.492173 2.24525 0.48364 4.97835 4.97839 0.666603 0.000790642 0.666038 0.21566 0.217155 0.666523 0.000691548 0.665878 0.236938 0.236467
16 8388608 2 1.17e-07 92.2233 4e-08 161.045 0.49217 2.24272 0.480086 4.97967 4.98808 0.663342 0.000790618 0.663728 0.215927 0.216277 0.665296 0.000690874 0.673145 0.238929 0.239048
16 8388608 2 1.17e-07 93.3327 3e-08 161.553 0.487928 2.26701 0.48618 4.99288 4.9822 0.662407 0.000791594 0.665992 0.216611 0.216018 0.665555 0.000690915 0.666544 0.240389 0.237714
16 8388608 2 6.1e-08 92.2455 3.2e-08 161.102 0.493222 2.24314 0.484306 4.97883 4.97959 0.66732 0.000790856 0.66827 0.21581 0.215874 0.667041 0.000713083 0.665461 0.234776 0.237016
16 8388608 2 1.25e-07 92.2927 3.1e-08 161.116 0.489422 2.24254 0.480268 4.97839 4.99084 0.667695 0.000791284 0.667263 0.216031 0.21573 0.667651 0.000690869 0.666743 0.237115 0.237047
16 8388608 2 1.28e-07 92.4269 3.7e-08 161.037 0.492632 2.24481 0.487173 4.97435 4.98766 0.672605 0.000796225 0.669067 0.215473 0.216777 0.669267 0.000691769 0.670097 0.237509 0.233823
16 8388608 2 1.27e-07 92.2195 3.2e-08 161.066 0.492528 2.26305 0.488054 4.97386 4.98322 0.672837 0.000807832 0.662145 0.2163 0.217394 0.66843 0.000690901 0.666494 0.239992 0.238732
16 8388608 2 1.13e-07 92.3457 2.9e-08 161.676 0.491416 2.24185 0.483136 4.98784 4.98772 0.668313 0.000790053 0.665153 0.216312 0.216523 0.668069 0.00068945 0.661903 0.237897 0.235675
16 8388608 2 1.28e-07 93.1575 3e-08 161.5 0.491412 2.24293 0.482121 4.97547 4.97473 0.662145 0.000791243 0.662082 0.215892 0.216162 0.661534 0.000690544 0.666671 0.237114 0.235129
