2 10000 8695 1.5e-07 0.00599193 5.2e-08 0.00705402 0.00196058 0.000351136 0.00178598 0.00119953 0.00193055 0.000178045 0.0020546 0.00101577
2 10000 4841 8.4e-08 0.00419035 4e-08 0.00458356 0.00142081 0.000231927 0.00138469 0.00132967 0.00493413 0.000118552 0.00462956 0.000633412
2 10000 6421 1.03e-07 0.00434229 3.5e-08 0.0048556 0.00135598 0.000208972 0.0014325 0.00119817 0.00277249 0.000133827 0.00276536 0.000746742
2 10000 5423 1.32e-07 0.00366976 2.7e-08 0.00400455 0.00126485 0.000181969 0.00123041 0.00103759 0.00323391 0.000100942 0.00390417 0.000705418
2 10000 5772 1.37e-07 0.00343681 2.7e-08 0.00455244 0.00136198 0.000209866 0.00131759 0.00119865 0.00335805 0.000122291 0.00340072 0.000673399
2 10000 5619 7.7e-08 0.0038339 2.8e-08 0.00398021 0.00125454 0.000182122 0.00123561 0.00103705 0.00309537 0.000104273 0.00302282 0.000654176
2 10000 5332 9.6e-08 0.00425973 3.3e-08 0.00449709 0.00137319 0.000211492 0.00143312 0.00119763 0.00368617 0.000114241 0.00356001 0.00062465
2 10000 6313 8.8e-08 0.00409694 3.2e-08 0.00456599 0.00135096 0.000209021 0.00132189 0.00120753 0.00269863 0.00011432 0.00261498 0.000638872
2 10000 4461 7.6e-08 0.00408382 2.8e-08 0.00397059 0.00121872 0.000181835 0.00123535 0.00103934 0.00434853 0.000111893 0.00485417 0.000529752
2 10000 4678 7.7e-08 0.00536593 5.5e-08 0.00724216 0.0018081 0.000347129 0.00176046 0.00199996 0.00684133 0.000150357 0.00631792 0.000783345
2 10000 4994 7.7e-08 0.00373625 2.7e-08 0.00399088 0.00149549 0.000232349 0.00178327 0.00132304 0.0045103 0.000121201 0.00449073 0.000652758
2 10000 4760 8.7e-08 0.0037862 2.7e-08 0.00704978 0.00180884 0.000346993 0.00176793 0.00200457 0.00688311 0.000177116 0.00390775 0.000499067
2 10000 4757 1.47e-07 0.00368482 2.7e-08 0.00399131 0.00127223 0.000181737 0.00126926 0.00103703 0.00393517 9.3065e-05 0.00484005 0.000622759
2 10000 5267 1.39e-07 0.00354402 2.7e-08 0.0037705 0.00213812 0.000173416 0.00119549 0.000978011 0.00322229 9.069e-05 0.00446816 0.000771548
2 10000 5987 1.5e-07 0.00364678 2.1e-08 0.00389811 0.00156402 0.000261207 0.00150696 0.00150382 0.00376159 0.000157291 0.00374905 0.000872459
2 10000 4350 1.41e-07 0.00368326 2.8e-08 0.00489027 0.00153198 0.000260853 0.00161049 0.00149346 0.00827018 0.000126246 0.00577397 0.000518407
2 10000 4842 8.6e-08 0.00395509 2.7e-08 0.00718526 0.001252 0.00030423 0.0017725 0.00200371 0.00662536 0.000181011 0.0065794 0.00095025
2 10000 5078 1.45e-07 0.00416156 3.4e-08 0.00530035 0.0013389 0.000218337 0.00135965 0.00120852 0.00396561 0.000110501 0.00392264 0.000596397
2 10000 6608 8e-08 0.00369993 2.7e-08 0.00405928 0.00124359 0.000181861 0.00128092 0.00104174 0.00243559 0.000119166 0.00240247 0.000683653
2 10000 5246 8.6e-08 0.00404133 3.4e-08 0.00450215 0.00236705 0.000219946 0.00140772 0.0011904 0.00378518 0.000112685 0.00379164 0.000682341
3 10000 8695 7.7e-08 0.00553279 2.9e-08 0.00695409 0.001282 0.000242272 0.00147297 0.00145446 0.00205504 0.000262492 0.00208952 0.00121666
3 10000 4841 7.7e-08 0.00561601 3.4e-08 0.00717578 0.0014062 0.000307234 0.00148045 0.00145335 0.00468856 0.000159031 0.00469883 0.000691067
3 10000 6421 8e-08 0.00633851 3.6e-08 0.00864137 0.00149152 0.000308402 0.00142269 0.00146812 0.00294739 0.000155026 0.002526 0.000706052
3 10000 5423 7.7e-08 0.00552376 2.8e-08 0.00689589 0.00140884 0.000276668 0.00144745 0.0013139 0.00364269 0.000154952 0.0035906 0.000692236
3 10000 5772 7.8e-08 0.00559919 3e-08 0.00753043 0.00133418 0.000275553 0.00129904 0.00132612 0.00340589 0.000162374 0.00351904 0.000734163
3 10000 5619 8e-08 0.00599871 3.3e-08 0.00788837 0.00189899 0.000462833 0.0013429 0.00132191 0.00339103 0.000178323 0.00336187 0.000726771
3 10000 5332 8.7e-08 0.00624011 3.1e-08 0.0078219 0.00131148 0.000278369 0.00128458 0.00132408 0.00358517 0.000151814 0.00352528 0.000699919
3 10000 6313 7.9e-08 0.00552213 2.9e-08 0.00800706 0.0015045 0.000308225 0.00137746 0.00161353 0.00315626 0.000208933 0.00311281 0.00090399
3 10000 4461 1.5e-07 0.00563378 2.9e-08 0.00702929 0.0014179 0.000278111 0.00149938 0.00132104 0.00493289 0.00013497 0.00502374 0.000579899
3 10000 4678 8.2e-08 0.00622451 3.3e-08 0.0078014 0.00122972 0.000243361 0.00124046 0.00115401 0.00410336 0.000121856 0.00405738 0.000527195
3 10000 4994 7.6e-08 0.00553672 3.3e-08 0.00779889 0.00133978 0.000278094 0.0012851 0.00132177 0.00418128 0.000147013 0.00442893 0.000642201
3 10000 4760 7.7e-08 0.00543365 2.7e-08 0.0127458 0.00181913 0.000463362 0.00180268 0.00218075 0.00687735 0.000235926 0.00665014 0.000533812
3 10000 4757 7.6e-08 0.00554332 2.7e-08 0.00691911 0.00126763 0.000242448 0.00126322 0.00115031 0.00408686 0.000138874 0.00432713 0.000613055
3 10000 5267 7.7e-08 0.00557263 2.8e-08 0.0069691 0.00130823 0.000241075 0.00121183 0.00114295 0.00366633 0.000152347 0.00368474 0.000672565
3 10000 5987 9e-08 0.00621547 3.1e-08 0.00774701 0.00128226 0.000242449 0.00120061 0.00114922 0.00279393 0.000149096 0.00276311 0.000660754
3 10000 4350 7.6e-08 0.00626593 4e-08 0.00724703 0.00132186 0.000242283 0.00215675 0.00114163 0.00457158 0.000116804 0.00445078 0.000486647
3 10000 4842 7.9e-08 0.00576202 3.3e-08 0.00780759 0.00134533 0.000278525 0.00134518 0.00130814 0.00395518 0.000124766 0.00378423 0.00054384
3 10000 5078 1.35e-07 0.00516571 2.5e-08 0.00646774 0.00121142 0.000223229 0.0013164 0.00105403 0.00406161 0.000165061 0.00432337 0.000730177
3 10000 6608 7.8e-08 0.0054817 2.9e-08 0.00912833 0.00180572 0.000348143 0.00151667 0.0016396 0.00321427 0.000237611 0.00312108 0.00102539
3 10000 5246 1.48e-07 0.00525387 2.6e-08 0.00645215 0.00125513 0.00024075 0.00124902 0.00106906 0.00315318 0.000156417 0.00402965 0.000754979
4 10000 8695 7.7e-08 0.00882572 3.5e-08 0.0125729 0.00145588 0.000415812 0.00146452 0.00164079 0.0020508 0.000361325 0.00196906 0.00137371
4 10000 4841 7.6e-08 0.00883221 2.8e-08 0.0107217 0.00134344 0.000374646 0.00135094 0.00148992 0.00433786 0.000194948 0.00418765 0.000695591
4 10000 6421 7.6e-08 0.0158658 7e-08 0.0124873 0.00128388 0.000311944 0.00120699 0.00119048 0.00251644 0.000195011 0.00241438 0.000735386
4 10000 5423 1.53e-07 0.0124129 3.9e-08 0.0128215 0.00128089 0.000340332 0.00132847 0.00130018 0.00327405 0.00018338 0.00321111 0.00069487
4 10000 5772 7.8e-08 0.00992376 3.3e-08 0.012249 0.00138149 0.000379876 0.00143102 0.00148825 0.00300018 0.000194204 0.00301443 0.000718612
4 10000 5619 8.3e-08 0.00947027 3.7e-08 0.0134061 0.0015323 0.000420386 0.00146559 0.00146145 0.00304504 0.000200979 0.00304204 0.000700205
4 10000 5332 8e-08 0.00899641 2.9e-08 0.0159823 0.0024667 0.000489674 0.00205519 0.00186599 0.0031548 0.000180502 0.00554034 0.00130762
4 10000 6313 1.33e-07 0.0124062 2.9e-08 0.0106458 0.00129992 0.000330265 0.00126195 0.00128931 0.00263883 0.000210081 0.00267256 0.000781847
4 10000 4461 1.45e-07 0.00878272 2.7e-08 0.0127203 0.00140358 0.000421605 0.00145796 0.00164563 0.00535518 0.000224057 0.00437482 0.000576271
4 10000 4678 7.6e-08 0.00892899 2.7e-08 0.011256 0.00132713 0.000378728 0.00130353 0.00149583 0.00456724 0.000191263 0.00454675 0.000680793
4 10000 4994 8.8e-08 0.00998249 3.4e-08 0.0118034 0.00132809 0.000329878 0.00119311 0.00129178 0.0036789 0.000175003 0.00360574 0.000629776
4 10000 4760 7.6e-08 0.00986718 3.8e-08 0.0134615 0.00155043 0.000357849 0.00129415 0.00129012 0.00400122 0.000169192 0.00391783 0.000601772
4 10000 4757 7.7e-08 0.0100983 3.7e-08 0.0135025 0.00133784 0.000329612 0.00124235 0.00128678 0.0039565 0.000169464 0.00405399 0.000614294
4 10000 5267 8.6e-08 0.00934235 3.5e-08 0.0134395 0.00150507 0.000420375 0.00138003 0.00152296 0.00331114 0.000192899 0.00330539 0.000670657
4 10000 5987 7.7e-08 0.00895555 2.9e-08 0.0129505 0.00145283 0.00042027 0.00137836 0.0016433 0.00340631 0.000254555 0.00282239 0.000743376
4 10000 4350 7.7e-08 0.0088683 2.9e-08 0.0120296 0.00135751 0.000379661 0.0013 0.00149124 0.00517445 0.000184267 0.00508752 0.000603323
4 10000 4842 7.6e-08 0.0100435 3.2e-08 0.0118472 0.00122932 0.000312457 0.00120676 0.00121042 0.0034963 0.000156212 0.00353315 0.000568526
4 10000 5078 7.7e-08 0.00875387 2.7e-08 0.0119144 0.0013718 0.00038632 0.00134393 0.00148851 0.00400091 0.000201495 0.00361261 0.00063912
4 10000 6608 7.8e-08 0.00974284 3.1e-08 0.0112407 0.00138917 0.000301318 0.0015339 0.00120675 0.0024283 0.000207805 0.00221754 0.000754742
4 10000 5246 1.46e-07 0.00911901 3.1e-08 0.0121505 0.00141564 0.00037426 0.0015335 0.00130465 0.00345604 0.00017935 0.00336525 0.000655743
6 10000 8695 7.7e-08 0.0181065 2.6e-08 0.0201655 0.00129887 0.000514206 0.00124716 0.00158117 0.00170485 0.000442316 0.00166012 0.00129395
6 10000 4841 7.5e-08 0.0202873 3e-08 0.0200883 0.00135033 0.00052191 0.0012542 0.00158639 0.00362333 0.000273532 0.0036326 0.000746923
6 10000 6421 7.6e-08 0.0227214 2e-08 0.0198738 0.00124334 0.000528755 0.00120033 0.00160191 0.00237617 0.000336003 0.00233687 0.000985306
6 10000 5423 8.6e-08 0.019611 2.8e-08 0.0207185 0.00128841 0.000521401 0.00120061 0.00157965 0.00315177 0.000321682 0.00317512 0.000899818
6 10000 5772 7.8e-08 0.0191937 3.4e-08 0.0222853 0.00125397 0.000526466 0.00138371 0.00157924 0.00277514 0.000308904 0.00301168 0.000954866
6 10000 5619 7.7e-08 0.0182965 2.7e-08 0.0213037 0.00120101 0.000525947 0.00123056 0.00159993 0.00286433 0.000304133 0.00286375 0.000857434
6 10000 5332 8.6e-08 0.0201926 3.1e-08 0.0209437 0.00125279 0.000525665 0.00122653 0.00158644 0.00559175 0.000607547 0.00325173 0.000884492
6 10000 6313 9.6e-08 0.0218879 3.3e-08 0.0211258 0.00122571 0.000544498 0.00118094 0.00159798 0.00262028 0.000361412 0.00260087 0.00105058
6 10000 4461 7.6e-08 0.0183745 2.7e-08 0.0210439 0.00122254 0.000539763 0.00117547 0.00160828 0.00406477 0.000262802 0.00410923 0.000721452
6 10000 4678 7.9e-08 0.01834 2.7e-08 0.0214184 0.00125111 0.000529256 0.00124109 0.0016006 0.0038815 0.000268692 0.00383941 0.00074204
6 10000 4994 9.5e-08 0.0209788 4.6e-08 0.0205847 0.0012378 0.000525488 0.00116094 0.00167791 0.00364148 0.000303204 0.0035952 0.00083982
6 10000 4760 7.9e-08 0.01831 2.8e-08 0.0206902 0.00126147 0.000526419 0.00125762 0.00159557 0.00360949 0.000299893 0.00388304 0.000803545
6 10000 4757 6.8e-08 0.0174354 3.1e-08 0.0233512 0.00123499 0.000525917 0.00116842 0.00159297 0.00384699 0.000276058 0.00386013 0.000738823
6 10000 5267 9.6e-08 0.0223341 2.8e-08 0.019968 0.00123223 0.000544803 0.00117623 0.0015984 0.00310249 0.000289557 0.00308716 0.000820485
6 10000 5987 7.9e-08 0.0202331 3.2e-08 0.0208151 0.00122626 0.000526256 0.00123672 0.00161642 0.0027887 0.000345287 0.00274012 0.000984203
6 10000 4350 7.4e-08 0.025301 2.6e-08 0.033692 0.00130488 0.000567036 0.00119699 0.0015987 0.0042638 0.000259992 0.00421303 0.000751355
6 10000 4842 7.2e-08 0.0208752 3.2e-08 0.0200422 0.00129671 0.00051435 0.00126485 0.00159146 0.003515 0.00027388 0.00357079 0.000747385
6 10000 5078 7e-08 0.0178022 2.6e-08 0.0199742 0.0013679 0.000525156 0.00128871 0.00157521 0.00328999 0.000283099 0.0034211 0.000850728
6 10000 6608 8e-08 0.0197479 2.6e-08 0.0200403 0.00131403 0.000513887 0.00122303 0.00157897 0.00222239 0.000346564 0.0022693 0.00100395
6 10000 5246 8.5e-08 0.0243311 2.6e-08 0.0200636 0.00125111 0.000525096 0.00118123 0.0015764 0.00570553 0.000619798 0.00309963 0.000797457
8 10000 8695 8.3e-08 0.0341013 2.8e-08 0.0335572 0.00126512 0.000823784 0.00117781 0.00211349 0.00164265 0.000727463 0.00168312 0.00170139
8 10000 4841 8.8e-08 0.0330698 2.7e-08 0.0332891 0.00130852 0.00082865 0.00115791 0.00209212 0.0035049 0.000460381 0.00344038 0.00105883
8 10000 6421 7.8e-08 0.0317193 2.9e-08 0.0338665 0.00124691 0.000840742 0.00120974 0.00208874 0.00244482 0.00053755 0.00233675 0.00125815
8 10000 5423 8.4e-08 0.0421503 2.7e-08 0.0441295 0.00124929 0.000828811 0.00121742 0.00208014 0.00307325 0.000475243 0.00310648 0.00110089
8 10000 5772 7e-08 0.0342989 2.9e-08 0.0335893 0.00131492 0.000824026 0.00117848 0.00208076 0.00287359 0.000496332 0.0027689 0.00126448
8 10000 5619 7.1e-08 0.0317126 2.9e-08 0.0336297 0.00124462 0.000823498 0.00118154 0.00207869 0.00307595 0.000509463 0.00284718 0.00116856
8 10000 5332 7.7e-08 0.0317622 2.7e-08 0.0336584 0.0012443 0.000823739 0.00122036 0.00208765 0.00309297 0.000467289 0.0030067 0.00117493
8 10000 6313 7.7e-08 0.0317082 2.9e-08 0.0336425 0.00122995 0.000907242 0.00118862 0.00211491 0.00245428 0.000530474 0.00245058 0.00125126
8 10000 4461 8.9e-08 0.0330933 2.6e-08 0.0332924 0.0012589 0.000843541 0.00120011 0.00207348 0.00408972 0.000436363 0.00413794 0.00101385
8 10000 4678 7.8e-08 0.0316035 3.1e-08 0.0333276 0.00124122 0.000833189 0.00117406 0.00215121 0.00404929 0.000475352 0.00407927 0.00105749
8 10000 4994 1.02e-07 0.0356688 2.9e-08 0.0334204 0.00121294 0.000837438 0.00117654 0.00207127 0.0034632 0.000458408 0.00375497 0.00111847
8 10000 4760 7.5e-08 0.0326655 3.3e-08 0.0336796 0.00126207 0.000824562 0.00117671 0.00208059 0.00362903 0.000487025 0.00387109 0.00106705
8 10000 4757 7.7e-08 0.0328106 3.9e-08 0.0335177 0.00274593 0.000822623 0.00153907 0.0020784 0.00464486 0.000549467 0.00536821 0.00122298
8 10000 5267 8e-08 0.0356799 2.6e-08 0.0333201 0.00124553 0.000845482 0.0012005 0.0020811 0.00309504 0.00046434 0.00315588 0.00106635
8 10000 5987 8.4e-08 0.0353962 2.9e-08 0.0332882 0.00122102 0.000834871 0.00117523 0.00207279 0.00266642 0.000509159 0.00263512 0.00118932
8 10000 4350 7.7e-08 0.0334514 2.6e-08 0.0332155 0.00139822 0.000824029 0.00118179 0.00207911 0.00429332 0.000427078 0.00419565 0.000935869
8 10000 4842 7.7e-08 0.0332944 2.7e-08 0.0333155 0.00128938 0.00082392 0.00116454 0.00209643 0.00349587 0.000442396 0.00372969 0.00107612
8 10000 5078 7.1e-08 0.0330093 3.1e-08 0.0335691 0.00122318 0.000822483 0.00119177 0.00207713 0.00372508 0.00049428 0.00359533 0.00110991
8 10000 6608 7e-08 0.0336264 2.6e-08 0.0332172 0.00121926 0.000843412 0.0011647 0.0020741 0.00228416 0.000549611 0.00221666 0.00130995
8 10000 5246 8.8e-08 0.0325 3.1e-08 0.0332521 0.00132992 0.00082368 0.00115748 0.00223528 0.00327264 0.000502157 0.00329363 0.00115564
12 10000 8695 8.8e-08 0.068374 2.7e-08 0.0696316 0.00127338 0.00166098 0.001245 0.0034964 0.00180613 0.00143638 0.00166358 0.00283052
12 10000 4841 8.8e-08 0.0715802 2.7e-08 0.0697008 0.00123508 0.00165144 0.00117327 0.00349726 0.00362494 0.00104673 0.00375548 0.00190058
12 10000 6421 7.1e-08 0.0696561 2e-08 0.069828 0.0011933 0.00163152 0.00118659 0.00348299 0.00237301 0.00109681 0.00231913 0.00215523
12 10000 5423 9e-08 0.0688358 2.8e-08 0.0696434 0.00121563 0.00163002 0.00121978 0.00349045 0.00310046 0.00102663 0.00302139 0.00191404
12 10000 5772 8.1e-08 0.0687591 3.3e-08 0.069683 0.00126483 0.00162924 0.0011871 0.00359606 0.00309846 0.00104395 0.00276976 0.00214235
12 10000 5619 8.8e-08 0.0731954 2.6e-08 0.0697893 0.00127028 0.00165101 0.00117383 0.00348031 0.00284985 0.00104817 0.00286993 0.00211932
12 10000 5332 7e-08 0.0682711 2.6e-08 0.0792652 0.0016924 0.0034324 0.00185331 0.0072108 0.00556932 0.00118875 0.00328347 0.00202958
12 10000 6313 7e-08 0.0696105 2e-08 0.0699654 0.00127212 0.00163074 0.00117412 0.00346949 0.00259893 0.00111648 0.00243546 0.00209813
12 10000 4461 7.7e-08 0.0688858 3.1e-08 0.0697546 0.00302187 0.00164995 0.00120051 0.00349176 0.00413789 0.000954398 0.00483549 0.0021051
12 10000 4678 9e-08 0.0693389 2.6e-08 0.0729841 0.00334016 0.00163043 0.00377185 0.00350443 0.00518137 0.00113627 0.00624983 0.00269691
12 10000 4994 7.5e-08 0.0713215 3.1e-08 0.0717524 0.00127951 0.00164367 0.00169695 0.00346853 0.00363152 0.000953281 0.0036014 0.00181938
12 10000 4760 7.6e-08 0.0678373 2.7e-08 0.0696446 0.0012638 0.00163599 0.00122487 0.0037581 0.00390442 0.00102396 0.00388157 0.00187956
12 10000 4757 8.7e-08 0.0726072 2.8e-08 0.0696981 0.00141554 0.00165157 0.00132298 0.00351885 0.00370661 0.000940007 0.00367907 0.00175888
12 10000 5267 8.6e-08 0.0738786 2.9e-08 0.0697449 0.00137722 0.00163027 0.00122736 0.00346916 0.00313834 0.00099763 0.00312628 0.00187619
12 10000 5987 7.8e-08 0.0665788 4e-08 0.0697321 0.00127671 0.00163079 0.0012166 0.00346929 0.00261772 0.00107605 0.00264869 0.00201886
12 10000 4350 7.7e-08 0.0679604 2.7e-08 0.0698713 0.00125928 0.00164994 0.00124292 0.00357785 0.00460456 0.00103914 0.00449562 0.00178784
12 10000 4842 7.5e-08 0.0731145 3.1e-08 0.0697982 0.00137783 0.00163085 0.00121316 0.00374245 0.00388569 0.00105608 0.00377936 0.00190339
12 10000 5078 7.6e-08 0.0677826 2.6e-08 0.0697038 0.00122469 0.00163021 0.00135151 0.00377437 0.00347157 0.00107685 0.00351981 0.00193748
12 10000 6608 8e-08 0.0680261 2.6e-08 0.0716674 0.0012859 0.00165698 0.00188506 0.00369776 0.00244995 0.00121849 0.00243866 0.00237281
12 10000 5246 7.8e-08 0.0715945 2.7e-08 0.0698196 0.00123948 0.00163003 0.00118172 0.00368919 0.00328466 0.00105051 0.00323521 0.00200982
16 10000 8695 7.9e-08 0.115043 2.7e-08 0.123456 0.00124706 0.00280496 0.00127521 0.00691772 0.00175763 0.00264834 0.00173302 0.00499444
16 10000 4841 6.8e-08 0.119049 2.6e-08 0.120931 0.00123409 0.0028185 0.00159813 0.00649723 0.00355252 0.00170746 0.003512 0.00311361
16 10000 6421 6.9e-08 0.115118 2.2e-08 0.118926 0.00120065 0.00279606 0.0010988 0.00644419 0.00245558 0.00187404 0.00301773 0.00381436
16 10000 5423 6.5e-08 0.115086 3.1e-08 0.118708 0.0011989 0.00280534 0.00115597 0.00653395 0.00309316 0.00175712 0.00320226 0.00337607
16 10000 5772 6.5e-08 0.115222 3.1e-08 0.118953 0.00128911 0.0027854 0.00117928 0.00641372 0.00273829 0.00180722 0.0027799 0.00344516
16 10000 5619 7.6e-08 0.113849 2.6e-08 0.118936 0.00122413 0.00280722 0.00124047 0.00643517 0.00278309 0.00184299 0.00279878 0.00316042
16 10000 5332 8.9e-08 0.116719 2.7e-08 0.119777 0.00124205 0.00283307 0.00112775 0.00644963 0.0029775 0.00172794 0.00296088 0.00307064
16 10000 6313 6.9e-08 0.114879 2.1e-08 0.118957 0.00125069 0.00280446 0.00118348 0.00683903 0.00260429 0.00202969 0.0025906 0.00382375
16 10000 4461 7.8e-08 0.119964 3.1e-08 0.118911 0.00123277 0.00281357 0.00184972 0.00639985 0.00407467 0.00172418 0.00408662 0.00287711
16 10000 4678 9e-08 0.115976 3e-08 0.118926 0.00125829 0.00281964 0.00123046 0.00641413 0.00390537 0.00169308 0.00382695 0.00311536
16 10000 4994 7e-08 0.113827 2.6e-08 0.120998 0.00127566 0.0028082 0.00119106 0.00647136 0.00355524 0.00169773 0.00355356 0.00319974
16 10000 4760 7.8e-08 0.114014 2.7e-08 0.119142 0.00126545 0.00291329 0.00117024 0.00648308 0.00369012 0.00173934 0.00368068 0.00286831
16 10000 4757 1.2e-07 0.120677 2.8e-08 0.11882 0.00129827 0.00280628 0.00120701 0.00643931 0.00374541 0.00171416 0.00394844 0.00312551
16 10000 5267 7.5e-08 0.11493 2.8e-08 0.118963 0.00133797 0.00278529 0.00122478 0.00641671 0.00376188 0.00176644 0.00304968 0.00331913
16 10000 5987 7.4e-08 0.114047 3.6e-08 0.118762 0.00127663 0.00278659 0.00121435 0.00693619 0.00281096 0.00196517 0.00278604 0.00355296
16 10000 4350 7.9e-08 0.118344 2.7e-08 0.119749 0.00123876 0.00280761 0.00116009 0.00646052 0.00419785 0.0017092 0.00420298 0.00296738
16 10000 4842 8.3e-08 0.114571 2.9e-08 0.120004 0.00127977 0.00280817 0.00119264 0.00646275 0.00352829 0.00170764 0.00355001 0.00300694
16 10000 5078 7.7e-08 0.114663 2.7e-08 0.118848 0.00123503 0.00281673 0.00114186 0.00683167 0.00356518 0.00188919 0.00348699 0.00314293
16 10000 6608 8.5e-08 0.115381 3.1e-08 0.11891 0.00115093 0.00281629 0.00125486 0.00658786 0.00236047 0.00193026 0.00229099 0.00386049
16 10000 5246 7.8e-08 0.122083 2.6e-08 0.126127 0.00126573 0.00278587 0.00115351 0.0066913 0.0033045 0.00189285 0.00322484 0.00328699
24 10000 8695 7.4e-08 0.261565 2.7e-08 0.26553 0.00129137 0.0060868 0.00163914 0.0110302 0.00173554 0.00582726 0.00170067 0.00986358
24 10000 4841 7.7e-08 0.254711 3.1e-08 0.263323 0.00141614 0.00615805 0.00121615 0.0106957 0.00364649 0.00413853 0.0037961 0.00661338
24 10000 6421 7.2e-08 0.256786 3.1e-08 0.263035 0.00127977 0.00604531 0.00119294 0.0106532 0.0023948 0.00430987 0.00246045 0.00758679
24 10000 5423 7.7e-08 0.253034 2.7e-08 0.263594 0.00128713 0.00616958 0.00126232 0.0112095 0.00326658 0.00446245 0.00327994 0.00685036
24 10000 5772 7.4e-08 0.256671 2.8e-08 0.265718 0.0013096 0.0061441 0.00121847 0.011311 0.00320142 0.00457478 0.00295262 0.0072017
24 10000 5619 7.4e-08 0.256083 3.1e-08 0.26325 0.00129247 0.00604539 0.00119524 0.0114166 0.00327399 0.00449555 0.00315526 0.00701426
24 10000 5332 7.6e-08 0.256323 2.6e-08 0.263225 0.00130279 0.00608221 0.00121446 0.0113708 0.00330881 0.00438257 0.00323982 0.00678924
24 10000 6313 6.7e-08 0.257793 2.7e-08 0.263232 0.00125009 0.00616119 0.00124206 0.0110263 0.00257612 0.00464675 0.00264514 0.00748641
24 10000 4461 7.8e-08 0.255367 2.6e-08 0.263553 0.00124428 0.00607431 0.00116646 0.0109404 0.00438817 0.00458901 0.00433679 0.00656505
24 10000 4678 7.7e-08 0.253186 2.6e-08 0.263187 0.00136758 0.0060317 0.00126756 0.0108641 0.00402715 0.00452031 0.00406278 0.00665276
24 10000 4994 8.2e-08 0.253416 2.9e-08 0.262839 0.00134811 0.00602532 0.00125596 0.0107534 0.00350335 0.00444317 0.00374154 0.00669168
24 10000 4760 7.2e-08 0.25372 3.1e-08 0.263272 0.00125656 0.00605078 0.00119217 0.0111009 0.00381987 0.00446951 0.00383243 0.00666388
24 10000 4757 8e-08 0.257474 3e-08 0.265908 0.00123294 0.00603366 0.00120891 0.0106138 0.00378444 0.00447661 0.0039063 0.00664571
24 10000 5267 7.5e-08 0.259024 2e-08 0.262629 0.0012657 0.00602765 0.00120372 0.0106188 0.00434507 0.00445537 0.00326757 0.0068189
24 10000 5987 7.6e-08 0.253441 2.7e-08 0.263026 0.00123645 0.00602731 0.00120663 0.0109906 0.00279145 0.00454029 0.00280994 0.0073254
24 10000 4350 6.1e-08 0.257966 3.1e-08 0.262695 0.00123529 0.00602864 0.00120078 0.0105775 0.00423031 0.00467026 0.004532 0.00662457
24 10000 4842 7.1e-08 0.256031 3.1e-08 0.265681 0.00122972 0.00602946 0.00120849 0.0113693 0.00382544 0.00442152 0.00376915 0.00661833
24 10000 5078 7.5e-08 0.256264 2.9e-08 0.263169 0.00121954 0.00612222 0.00119842 0.0113487 0.00402731 0.00447706 0.00348959 0.00667108
24 10000 6608 7e-08 0.256758 2.8e-08 0.265367 0.00128697 0.00608772 0.00126049 0.0111838 0.00241825 0.00474035 0.0024286 0.00783242
24 10000 5246 7.1e-08 0.254567 2.7e-08 0.263021 0.00124414 0.00602922 0.00120511 0.0111287 0.00320984 0.00438279 0.00340005 0.00678113
32 10000 8695 7.6e-08 0.449375 3.1e-08 0.461301 0.00127513 0.0109142 0.00126548 0.0190731 0.00163297 0.00973589 0.00165756 0.015377
32 10000 4841 1.38e-07 0.455123 3.1e-08 0.462261 0.00126042 0.0108407 0.00140042 0.0190769 0.00358672 0.00795858 0.00350524 0.0110612
32 10000 6421 8e-08 0.447061 3.1e-08 0.463363 0.00121084 0.0108364 0.00131193 0.0187521 0.00230977 0.00794087 0.00240884 0.0132524
32 10000 5423 7.6e-08 0.452476 3.1e-08 0.46131 0.00143184 0.0108328 0.00132802 0.0191776 0.0030356 0.00774978 0.00306048 0.0121088
32 10000 5772 8e-08 0.447112 3.1e-08 0.460133 0.00427438 0.0131321 0.00172151 0.0210286 0.00403997 0.00850058 0.00348866 0.0125121
32 10000 5619 1.3e-07 0.455156 5e-08 0.459538 0.00128492 0.0108928 0.00161952 0.0199537 0.00308493 0.00825754 0.00287209 0.0114881
32 10000 5332 7e-08 0.454265 3.2e-08 0.461049 0.00126107 0.0111579 0.00125742 0.0185229 0.00311074 0.00765524 0.0030664 0.0121117
32 10000 6313 6.9e-08 0.45447 3.1e-08 0.460211 0.00126362 0.010844 0.00123315 0.0187479 0.00246684 0.00793216 0.00248512 0.0125099
32 10000 4461 7.2e-08 0.446796 2.7e-08 0.464558 0.00129289 0.0108949 0.00122695 0.0192158 0.00405915 0.00851399 0.00405819 0.0114004
32 10000 4678 7.1e-08 0.450294 3e-08 0.463963 0.00134146 0.0108175 0.00117766 0.0205152 0.00384027 0.00824885 0.00383064 0.0112948
32 10000 4994 7.4e-08 0.453628 2.6e-08 0.462063 0.00131334 0.010927 0.00173977 0.0194664 0.00376641 0.00854368 0.00367073 0.012079
32 10000 4760 6.9e-08 0.453361 2.7e-08 0.462135 0.00135967 0.0108349 0.00128219 0.0190555 0.0037111 0.00809663 0.0038746 0.0121669
32 10000 4757 7.7e-08 0.450356 3.1e-08 0.463255 0.00121718 0.0109216 0.00119458 0.0203199 0.00399061 0.00811802 0.00379114 0.01122
32 10000 5267 6.9e-08 0.45166 3.5e-08 0.461517 0.00126112 0.010818 0.00126243 0.0204024 0.00316057 0.00770574 0.00308683 0.0111395
32 10000 5987 7.8e-08 0.451347 3.3e-08 0.461351 0.00125336 0.0109326 0.00127323 0.020605 0.00274856 0.00793782 0.00306405 0.0123031
32 10000 4350 7.9e-08 0.447255 3.1e-08 0.460024 0.00123165 0.0108122 0.00122421 0.0191184 0.00426331 0.00865997 0.00472933 0.0124531
32 10000 4842 9.5e-08 0.451052 3.1e-08 0.463654 0.00124009 0.0109037 0.00149959 0.0199277 0.0037033 0.00837789 0.00348236 0.0110722
32 10000 5078 9.6e-08 0.448814 3.1e-08 0.462765 0.00122917 0.0108906 0.00135629 0.0201574 0.00402496 0.00854429 0.00377256 0.011923
32 10000 6608 7.5e-08 0.452336 2.7e-08 0.461607 0.00128113 0.0108341 0.00131541 0.0205863 0.0024032 0.00805137 0.00233687 0.0129507
32 10000 5246 1.15e-07 0.454389 4.6e-08 0.461331 0.00126621 0.0108832 0.00131335 0.0190733 0.00302639 0.00773341 0.00312751 0.0120381
48 10000 8695 7.9e-08 1.00021 3.1e-08 1.02046 0.00147832 0.0250762 0.00118195 0.0375097 0.00175296 0.0224653 0.00159891 0.03294
48 10000 4841 1.25e-07 1.00432 3.1e-08 1.02041 0.00125007 0.0252736 0.00121938 0.0374921 0.00360329 0.0211509 0.00355824 0.0270169
48 10000 6421 7.8e-08 0.999224 3.1e-08 1.02135 0.00130249 0.0251014 0.00122034 0.0374512 0.00233554 0.0193743 0.00237957 0.0270041
48 10000 5423 6.4e-08 1.00209 3.6e-08 1.02543 0.0012307 0.0250136 0.00121643 0.0376286 0.00314075 0.0198691 0.00296781 0.0264093
48 10000 5772 7.8e-08 1.00079 3.1e-08 1.02106 0.00184635 0.0265525 0.00121488 0.0374836 0.00282484 0.0196397 0.00292008 0.0265553
48 10000 5619 9e-08 1.0002 3.1e-08 1.02025 0.00144092 0.0251745 0.00127968 0.0376148 0.00347999 0.0205665 0.00303516 0.0266273
48 10000 5332 7.6e-08 1.00127 2.6e-08 1.02079 0.00134545 0.0249481 0.00125611 0.0379188 0.00307955 0.0196792 0.00306122 0.0260362
48 10000 6313 7.1e-08 1.00205 2.6e-08 1.02252 0.00135486 0.0251358 0.00130009 0.0376015 0.002478 0.0196087 0.00450153 0.0333866
48 10000 4461 1.47e-07 1.00863 2.7e-08 1.02001 0.00129189 0.0251369 0.00216557 0.0395136 0.0041222 0.0232885 0.00411181 0.0286287
48 10000 4678 7.7e-08 1.00251 3.1e-08 1.02136 0.00139988 0.0250748 0.00119897 0.0376013 0.00394882 0.0223544 0.00387175 0.0278588
48 10000 4994 6.8e-08 1.00187 3.1e-08 1.02096 0.00140199 0.0252838 0.00137747 0.0373964 0.0040614 0.0224785 0.00347478 0.0269067
48 10000 4760 6.9e-08 1.00337 3e-08 1.02439 0.00128105 0.0251559 0.001314 0.0377166 0.00370428 0.0220112 0.00369645 0.0277248
48 10000 4757 7.6e-08 1.00179 3.2e-08 1.02499 0.00139659 0.0250785 0.00120103 0.0375367 0.00369945 0.0217263 0.00371327 0.0273782
48 10000 5267 6.9e-08 1.00475 3.1e-08 1.01953 0.00137952 0.0250895 0.00131914 0.0375497 0.00315893 0.0199442 0.00310218 0.0263325
48 10000 5987 7.1e-08 1.00505 3.1e-08 1.02047 0.00128243 0.0250875 0.00136682 0.0375909 0.0027392 0.0193695 0.00266133 0.0265955
48 10000 4350 8e-08 1.01123 2.7e-08 1.0253 0.00133676 0.025269 0.00123305 0.0374544 0.00436248 0.0241155 0.00433632 0.0293239
48 10000 4842 6.3e-08 1.01704 3e-08 1.02831 0.0014817 0.025117 0.00221526 0.0392442 0.00357451 0.0212483 0.00356123 0.0271177
48 10000 5078 7.5e-08 0.998714 2.6e-08 1.03337 0.00135225 0.02507 0.00129574 0.0376646 0.00345508 0.0205855 0.00367098 0.0282639
48 10000 6608 7.5e-08 1.00494 3.1e-08 1.01933 0.00139083 0.0252254 0.00135743 0.0374908 0.00236936 0.019345 0.00247716 0.0272872
48 10000 5246 5.8e-08 1.00319 2.7e-08 1.0197 0.00133114 0.0251705 0.00124416 0.0375923 0.00323943 0.019954 0.00329346 0.026153
64 10000 8695 7.7e-08 1.8202 3.1e-08 1.82125 0.00141931 0.0456422 0.00137338 0.0653427 0.00181511 0.0415116 0.00183105 0.0578078
64 10000 4841 1.47e-07 1.82101 3.6e-08 1.81756 0.00149068 0.045594 0.00125669 0.0655692 0.0036544 0.0436939 0.00377546 0.0529435
64 10000 6421 1.02e-07 1.81709 3.1e-08 1.82186 0.00127947 0.0456733 0.00129338 0.0652798 0.00254959 0.0369945 0.00247567 0.0492416
64 10000 5423 1.01e-07 1.81559 3.1e-08 1.82602 0.00131455 0.0458645 0.00200753 0.0665082 0.00316731 0.0399349 0.00302713 0.0501834
64 10000 5772 6.8e-08 1.81907 3.1e-08 1.81521 0.0014152 0.0456415 0.00128331 0.0655019 0.00297574 0.038776 0.00290704 0.0497121
64 10000 5619 7.9e-08 1.81792 3e-08 1.81561 0.00147832 0.0456225 0.00134383 0.0650132 0.003073 0.0390569 0.00305138 0.0495834
64 10000 5332 8.6e-08 1.8194 3.1e-08 1.82382 0.00143896 0.0456452 0.00131787 0.06509 0.00317631 0.0394638 0.00323497 0.0496464
64 10000 6313 1e-07 1.81403 4.4e-08 1.82729 0.00133311 0.0456348 0.00128865 0.0650004 0.00256688 0.0375913 0.00251934 0.049453
64 10000 4461 8.8e-08 1.81444 3.1e-08 1.82387 0.00197122 0.047241 0.00124774 0.0653526 0.00408526 0.049555 0.00416586 0.058039
64 10000 4678 8e-08 1.81466 3.1e-08 1.82715 0.00133086 0.0455718 0.0012269 0.0651864 0.00386791 0.046752 0.00386097 0.0555382
64 10000 4994 9.1e-08 1.81632 3.1e-08 1.82509 0.00145119 0.0458481 0.00194312 0.0669991 0.0036418 0.0427086 0.00355921 0.0521785
64 10000 4760 1.47e-07 1.82182 3.1e-08 1.8197 0.00137466 0.0455894 0.00132815 0.06538 0.00380912 0.0453681 0.00529974 0.0559763
64 10000 4757 7.8e-08 1.81797 3.1e-08 1.81417 0.00135659 0.0456397 0.00128167 0.0651385 0.0037831 0.0452562 0.0037233 0.0542023
64 10000 5267 7.2e-08 1.81657 3.1e-08 1.82268 0.00141496 0.0455071 0.00125552 0.0655364 0.00321108 0.0401182 0.00334355 0.0501303
64 10000 5987 7.7e-08 1.82031 3.1e-08 1.82224 0.00281533 0.0472639 0.00276419 0.0666351 0.00307047 0.0394863 0.0039479 0.0506999
64 10000 4350 7.7e-08 1.82123 2.6e-08 1.82113 0.00136546 0.0456164 0.00155886 0.0664723 0.00665704 0.0531683 0.0043936 0.060011
64 10000 4842 1.67e-07 1.8176 3.1e-08 1.82164 0.00253657 0.0472402 0.00122341 0.0655019 0.00370155 0.0437448 0.00357006 0.0529837
64 10000 5078 1.5e-07 1.82034 3e-08 1.85911 0.00132416 0.0456854 0.00128 0.0654378 0.00352794 0.0422426 0.00340742 0.0517799
64 10000 6608 6.8e-08 1.81736 3e-08 1.82446 0.0018934 0.0472507 0.00135692 0.0650436 0.00229246 0.0369212 0.00233922 0.0493639
64 10000 5246 9.3e-08 1.81868 3.1e-08 1.82596 0.0014895 0.0456249 0.00154047 0.0668889 0.00324436 0.0400858 0.00323005 0.0499296
96 10000 8695 1.47e-07 4.05158 3e-08 4.08897 0.00130952 0.11239 0.00120602 0.145542 0.00170313 0.104522 0.0016518 0.133172
96 10000 4841 9.4e-08 4.05378 2.1e-08 4.08832 0.00143912 0.112565 0.00120067 0.145492 0.00376274 0.130427 0.00368099 0.146653
96 10000 6421 1.26e-07 4.05579 3.1e-08 4.09666 0.00132642 0.112578 0.00134648 0.146407 0.00248552 0.099117 0.00242384 0.120443
96 10000 5423 7.4e-08 4.05331 3.1e-08 4.11261 0.00139232 0.112519 0.00135421 0.146168 0.00313317 0.114219 0.00301392 0.132379
96 10000 5772 9.7e-08 4.04963 3.3e-08 4.08513 0.00131926 0.112534 0.00122961 0.145489 0.00292583 0.108256 0.00284922 0.127546
96 10000 5619 1.8e-07 4.05823 3e-08 4.11054 0.00318016 0.114305 0.00183597 0.147399 0.00302505 0.109731 0.0029257 0.12855
96 10000 5332 1e-07 4.0549 3e-08 4.11197 0.00155758 0.112484 0.00119531 0.145625 0.00324226 0.113051 0.0030789 0.131144
96 10000 6313 6.5e-08 4.05039 3.1e-08 4.0871 0.00132994 0.11254 0.00123981 0.146246 0.00255191 0.101221 0.00250442 0.122161
96 10000 4461 1.25e-07 4.05697 3.1e-08 4.08855 0.00134527 0.112538 0.00119142 0.145745 0.00415793 0.152083 0.00412028 0.167429
96 10000 4678 6.8e-08 4.05079 3.1e-08 4.08747 0.00126012 0.112645 0.00121489 0.145912 0.00392641 0.141788 0.00382462 0.157327
96 10000 4994 8e-08 4.05419 3.1e-08 4.08488 0.00127834 0.112466 0.00121083 0.145919 0.00353382 0.125535 0.00344434 0.14217
96 10000 4760 1.02e-07 4.04916 3.1e-08 4.08566 0.00129751 0.112413 0.00179958 0.1471 0.00383016 0.135858 0.00382585 0.152134
96 10000 4757 1.37e-07 4.05277 3.1e-08 4.10975 0.00266577 0.114041 0.00115405 0.146187 0.00381543 0.135921 0.00372234 0.151963
96 10000 5267 1.12e-07 4.05063 3.1e-08 4.09337 0.00141211 0.112432 0.00119495 0.145471 0.00317812 0.115521 0.00321515 0.133164
96 10000 5987 7.6e-08 4.05263 2.6e-08 4.0892 0.00139374 0.112466 0.00125391 0.146011 0.00272894 0.104161 0.00272747 0.124178
96 10000 4350 9e-08 4.05265 2.6e-08 4.1173 0.00133875 0.11248 0.00123837 0.146264 0.00447404 0.160769 0.00427078 0.1757
96 10000 4842 9.4e-08 4.05281 3.2e-08 4.08903 0.00129985 0.112456 0.00134377 0.145593 0.00362816 0.130289 0.00363958 0.146569
96 10000 5078 7.2e-08 4.05372 3e-08 4.08253 0.00130518 0.112705 0.00118358 0.145761 0.003452 0.123337 0.00345534 0.139601
96 10000 6608 1.28e-07 4.06024 3.1e-08 4.0888 0.00147284 0.112496 0.00123164 0.145661 0.00230879 0.0977961 0.00237409 0.119932
96 10000 5246 8.9e-08 4.05539 2.1e-08 4.09033 0.0026574 0.114123 0.00123808 0.14613 0.0031262 0.115346 0.00311559 0.132955
128 10000 8695 1.5e-07 7.25796 3.1e-08 7.29562 0.00133113 0.200433 0.00127181 0.256811 0.00196297 0.19146 0.0016875 0.239064
128 10000 4841 1.12e-07 7.38188 3e-08 7.37726 0.00133378 0.200264 0.001205 0.256379 0.00357412 0.295947 0.00366488 0.323226
128 10000 6421 7.9e-08 7.26159 3.1e-08 7.33742 0.00133747 0.200362 0.00134145 0.257168 0.00247411 0.197156 0.00249071 0.23338
