16 1597 18 2 1.1e-07 0.00229888 4.2e-08 0.00246693 0.000991688 0.00101616 0.000966557 0.00192903 0.00165276 0.000996729 0.000295498 0.00100605 0.000380526 0.000387212 0.00104654 0.000520077 0.00103518 0.000604651 0.000605817
16 1597 18 2 1.05e-07 0.00206147 3.6e-08 0.00220646 0.000930615 0.000863555 0.000899967 0.0016772 0.0015422 0.00102581 0.000337718 0.00104468 0.000436033 0.00045872 0.0010396 0.000594113 0.00108616 0.000691082 0.000537973
16 1597 18 2 8e-08 0.00175533 2.7e-08 0.00181875 0.000873727 0.000671787 0.000813198 0.00128724 0.00119999 0.000952305 0.000262736 0.00103367 0.000353834 0.000345485 0.000936218 0.000461856 0.00101236 0.000550937 0.000537457
16 1597 18 2 7.4e-08 0.00171459 2.8e-08 0.00180719 0.000819429 0.000671955 0.000865185 0.00129014 0.00120161 0.00104359 0.000262679 0.000916238 0.000339328 0.000345836 0.000949677 0.000462009 0.000919843 0.000537224 0.000537631
16 1597 18 2 8.4e-08 0.00178185 4.2e-08 0.00185296 0.000874072 0.00067221 0.000811731 0.00131051 0.00120301 0.000921514 0.00026261 0.000934732 0.000339628 0.000344127 0.000944282 0.000462172 0.000975071 0.000537071 0.000536039
16 2584 18 2 7.6e-08 0.00236268 2.5e-08 0.0026609 0.000950693 0.00106269 0.000877284 0.00202149 0.00188948 0.00107379 0.000310902 0.00112639 0.000451186 0.000457432 0.00112013 0.000541274 0.00113456 0.000674309 0.000679829
16 2584 18 2 6.5e-08 0.00220888 2.3e-08 0.00239641 0.00102238 0.000941231 0.000860285 0.00182444 0.00170308 0.00105866 0.00031771 0.00113778 0.0004517 0.00045669 0.00133238 0.000722332 0.00116568 0.000674664 0.000672972
16 2584 18 2 1.01e-07 0.00286053 3.6e-08 0.00313198 0.00139944 0.00134255 0.000957293 0.00259423 0.00242657 0.00113202 0.000282457 0.00105544 0.000401538 0.00040587 0.00111263 0.00048074 0.00105442 0.000598759 0.000604836
16 2584 18 2 7.9e-08 0.00258163 3e-08 0.00293386 0.000952638 0.00116933 0.000969135 0.00227393 0.0021239 0.00114389 0.000317632 0.00111029 0.000449888 0.000455437 0.00111899 0.000513955 0.00107543 0.000599909 0.000599629
16 2584 18 2 6.9e-08 0.00217282 3.1e-08 0.00235649 0.000870513 0.000949477 0.000827201 0.00182349 0.00189139 0.00111316 0.00028248 0.00108782 0.000399874 0.000406005 0.00108693 0.000481085 0.00108172 0.000598838 0.000599414
16 4181 19 2 9.9e-08 0.00425389 3.4e-08 0.00462923 0.00116098 0.00206463 0.0011201 0.00417362 0.00297772 0.00201463 0.000236642 0.00110754 0.000380632 0.000390161 0.00117993 0.000406818 0.00115773 0.000551961 0.000557401
16 4181 19 2 6.7e-08 0.00342001 3.5e-08 0.00379897 0.00121259 0.00160164 0.00112842 0.00304289 0.00276626 0.00121399 0.000272243 0.00124702 0.000437464 0.000442955 0.0012614 0.000467505 0.00124478 0.000634454 0.000713462
16 4181 19 2 7.6e-08 0.00320432 4.3e-08 0.00342012 0.00101554 0.0014507 0.000970638 0.00294528 0.003038 0.00128484 0.000256064 0.00124965 0.000482473 0.000489646 0.0013001 0.000517816 0.00127742 0.000704599 0.00106787
16 4181 19 2 1.08e-07 0.00490515 5.3e-08 0.00527215 0.0012371 0.00250704 0.00120517 0.00488385 0.0038175 0.00122144 0.000236907 0.00126225 0.000389926 0.000381982 0.00115476 0.000406238 0.00116013 0.000552768 0.000554288
16 4181 19 2 6.7e-08 0.00318612 2.3e-08 0.00348521 0.00105296 0.0014414 0.0011868 0.00366504 0.00342561 0.00141648 0.000339767 0.00139186 0.000546666 0.000550827 0.00141925 0.000583924 0.00139948 0.000794605 0.000637961
16 6765 19 2 6.8e-08 0.0051772 2.7e-08 0.00575897 0.0013761 0.00292409 0.00132874 0.00589187 0.00546702 0.00174054 0.000379232 0.00142729 0.000476501 0.000481866 0.00150611 0.000421436 0.00149829 0.000654002 0.000652078
16 6765 19 2 9.4e-08 0.00412316 2.1e-08 0.00606332 0.00144541 0.0033575 0.0013856 0.00671771 0.0050536 0.00146558 0.000251766 0.00141906 0.000478552 0.000485512 0.00206318 0.000421346 0.00162982 0.000672623 0.000659665
16 6765 19 2 8.3e-08 0.00482351 2.3e-08 0.00567468 0.00156405 0.00261141 0.00128243 0.00530625 0.00449367 0.00144734 0.000251706 0.0014817 0.000439945 0.000485851 0.00147994 0.000421354 0.00156298 0.000656462 0.000602342
16 6765 19 2 1.15e-07 0.00744416 3.8e-08 0.00836436 0.00162282 0.00391053 0.0015248 0.00529663 0.00383022 0.00140426 0.000251595 0.00240767 0.000498724 0.000492082 0.00140775 0.000436957 0.00140735 0.000656378 0.000755007
16 6765 27 2 7.8e-08 0.00515097 2.5e-08 0.00563277 0.00125801 0.00259911 0.00121434 0.00492241 0.0038211 0.00145598 0.000251823 0.0014686 0.000467928 0.000476333 0.00175937 0.000420647 0.00141662 0.000654258 0.000655776
16 10946 28 2 6.2e-08 0.00896128 3e-08 0.00985466 0.00168363 0.00323665 0.00130814 0.00660781 0.00910986 0.00265827 0.000437726 0.00265385 0.00101753 0.00102871 0.00263229 0.000756971 0.00269571 0.00127494 0.00105653
16 10946 28 2 8.3e-08 0.0075162 3.3e-08 0.00796059 0.00150109 0.00355141 0.00133678 0.00655406 0.00614444 0.00185911 0.000253827 0.00183731 0.000615012 0.000625195 0.00185217 0.000450367 0.00184808 0.000830527 0.000823152
16 10946 28 2 6.6e-08 0.00719604 3.4e-08 0.00792291 0.00142422 0.00324085 0.00131125 0.00663535 0.00613798 0.00183984 0.000253885 0.00184959 0.000623099 0.000621492 0.00206247 0.000517722 0.00218924 0.000961135 0.000963528
16 10946 20 2 7.2e-08 0.00872688 4.7e-08 0.0105225 0.0017129 0.00343614 0.00137058 0.00656063 0.00614484 0.00186507 0.000267018 0.0018464 0.000643034 0.000647656 0.00186727 0.000450667 0.00186711 0.000823217 0.000826369
16 10946 20 2 9e-08 0.00888854 5.2e-08 0.0091424 0.00142066 0.00324814 0.00136694 0.00655433 0.00615103 0.00185053 0.000266722 0.00185213 0.000625104 0.000632992 0.00191271 0.00045493 0.00192706 0.000820117 0.000837415
16 17711 20 2 8.5e-08 0.0129407 4.1e-08 0.0166538 0.00290944 0.00991187 0.00272623 0.0127411 0.00986642 0.00251783 0.000247325 0.00243249 0.000802103 0.000805072 0.00241224 0.000454202 0.00240831 0.000995728 0.000994087
16 17711 28 2 1.08e-07 0.0186509 2.8e-08 0.0110148 0.00184144 0.00516524 0.00174172 0.010589 0.00972582 0.00243199 0.00024732 0.00347895 0.000788492 0.000816669 0.0025333 0.000428949 0.00244086 0.00098755 0.00123117
16 17711 28 2 7.7e-08 0.0134951 4.8e-08 0.01529 0.00179941 0.00476914 0.00170923 0.00985253 0.00985399 0.00255816 0.000268518 0.00253687 0.000871788 0.000891216 0.00257081 0.000465319 0.00257819 0.0010696 0.00107459
16 17711 28 2 7.3e-08 0.0113848 3.3e-08 0.012502 0.00197996 0.00550784 0.00177294 0.010743 0.00985803 0.00259611 0.000268769 0.00255332 0.00084936 0.000847484 0.00261674 0.000465859 0.00255112 0.00107117 0.00208247
16 17711 28 2 1.18e-07 0.0153839 2.8e-08 0.011139 0.00187436 0.00518663 0.00173142 0.0106722 0.00986539 0.00258433 0.000268519 0.00253699 0.000873922 0.000872247 0.00440822 0.000911281 0.00266109 0.00109714 0.00110906
16 28657 21 2 8.4e-08 0.0212983 2.6e-08 0.015926 0.00244647 0.00835873 0.00244832 0.0167936 0.0147404 0.00359886 0.000279002 0.00346818 0.00113852 0.0011279 0.0036338 0.000497077 0.00373088 0.00148059 0.00188878
16 28657 21 2 5.5e-08 0.023311 2.8e-08 0.0159808 0.00262067 0.00837074 0.00241966 0.0163522 0.0147223 0.00355722 0.000265708 0.00347444 0.00115637 0.00126354 0.0044592 0.000494816 0.00373355 0.00149735 0.00148775
16 28657 29 2 1.23e-07 0.0241844 3e-08 0.0169122 0.00245441 0.00771933 0.00230924 0.0169725 0.0151701 0.00359258 0.000278086 0.0035823 0.00113378 0.00126343 0.00374109 0.000497369 0.00370627 0.00149645 0.00149207
16 28657 29 2 6e-08 0.021587 2.7e-08 0.0162154 0.00332911 0.0083592 0.0023547 0.0166143 0.0152629 0.00369143 0.000289294 0.00373189 0.00121859 0.00125861 0.00378466 0.000495475 0.00371526 0.00145587 0.00146751
16 28657 29 2 7.9e-08 0.0236464 2.6e-08 0.0158044 0.00240691 0.00833688 0.00235384 0.0168486 0.0148656 0.00347928 0.000284748 0.00345851 0.00114315 0.00113883 0.00359587 0.000495568 0.00368981 0.00147703 0.00148207
16 46368 21 2 7.2e-08 0.0301435 3e-08 0.0260219 0.00361002 0.0123744 0.00327714 0.0282134 0.0246967 0.0053272 0.000293785 0.00521717 0.00174266 0.00173188 0.00537157 0.000509958 0.00552591 0.00210498 0.00210714
16 46368 29 2 7.4e-08 0.0311687 2e-08 0.0256138 0.0034661 0.0123743 0.00327272 0.0266925 0.0248056 0.00523679 0.000293899 0.00515523 0.0016876 0.0017721 0.00768348 0.000736976 0.00761134 0.00277151 0.00267031
16 46368 29 2 1.03e-07 0.0308593 2.6e-08 0.0252691 0.00346377 0.0123869 0.00324105 0.0266355 0.0246653 0.00546825 0.000292883 0.00513348 0.00173908 0.00184752 0.0055348 0.000512618 0.00549666 0.00208776 0.00210284
16 46368 29 2 6.1e-08 0.0270602 3.5e-08 0.0266193 0.00347696 0.012378 0.00320885 0.0281911 0.0246399 0.00527383 0.000282472 0.00589825 0.00174682 0.00169466 0.00525572 0.000510189 0.00549086 0.00213431 0.00210261
16 46368 21 2 6.3e-08 0.0335945 2.6e-08 0.0256629 0.00438257 0.0134173 0.00341464 0.0266907 0.0247048 0.00530596 0.000282407 0.00549372 0.00181054 0.00179454 0.00649925 0.000509796 0.00550938 0.00209184 0.00207755
16 75025 22 2 1.08e-07 0.0459459 2.6e-08 0.0401263 0.00518283 0.019933 0.00487504 0.0444912 0.0411962 0.00810116 0.000307397 0.00788531 0.00271613 0.0029169 0.00850553 0.000539457 0.00932782 0.00311372 0.00313191
16 75025 22 2 6e-08 0.0420734 2.1e-08 0.0406633 0.00577705 0.0211733 0.00509678 0.0445861 0.041304 0.00801306 0.000296061 0.00791614 0.0027014 0.00279685 0.0089953 0.000539416 0.0084704 0.00308243 0.00312413
16 75025 22 2 1.19e-07 0.0426484 2.7e-08 0.0401474 0.00516474 0.0207057 0.00477544 0.0452863 0.0418565 0.00848564 0.000329619 0.00788677 0.0028982 0.00288056 0.00858164 0.000540126 0.00851156 0.00310209 0.00311277
16 75025 30 2 6.8e-08 0.0443704 2.7e-08 0.0401687 0.00518245 0.0199416 0.00487786 0.0446747 0.0413659 0.00807662 0.000296028 0.00794363 0.0027964 0.00289677 0.00852117 0.000550214 0.00846867 0.00310696 0.00308592
16 75025 22 2 6e-08 0.0464589 2.5e-08 0.0406087 0.00520691 0.019922 0.00487656 0.0444488 0.0411591 0.00810204 0.000295759 0.0078732 0.00282745 0.00290102 0.00853816 0.000539475 0.00850857 0.00310053 0.00309327
16 121393 30 2 6.8e-08 0.066579 2.6e-08 0.0642156 0.00826423 0.0338304 0.00737633 0.0724151 0.0671753 0.0125997 0.000311364 0.0130901 0.00446497 0.00408059 0.012328 0.000513569 0.0123585 0.00427534 0.00427466
16 121393 30 2 6.4e-08 0.0682351 2.6e-08 0.0646459 0.00778532 0.0322352 0.00741451 0.0728498 0.0687106 0.0126619 0.000310928 0.0123253 0.00414222 0.00446355 0.0125432 0.000513923 0.0123033 0.00430399 0.00428908
16 121393 22 2 6.8e-08 0.0674697 2.6e-08 0.0647072 0.00786318 0.0322476 0.00734668 0.072886 0.0671961 0.0134199 0.000350342 0.0132185 0.00413438 0.00407023 0.0126866 0.000513955 0.0129059 0.00463997 0.00428499
16 121393 30 2 6e-08 0.0680083 2.6e-08 0.0643628 0.00784864 0.0321899 0.00787629 0.074365 0.0672637 0.0125074 0.000322896 0.0128588 0.00449907 0.0040867 0.0124646 0.000513447 0.0135799 0.00431646 0.00462898
16 121393 22 2 2.14e-07 0.0700901 2.6e-08 0.0648595 0.00787128 0.0322015 0.00734411 0.0727523 0.0683367 0.0125504 0.000311207 0.0123388 0.00419274 0.00410299 0.0130549 0.000558034 0.0128402 0.00429939 0.00433444
16 196418 31 2 5.9e-08 0.103002 2.9e-08 0.106639 0.0122494 0.0521564 0.0115021 0.117244 0.109105 0.019581 0.000329023 0.0193739 0.00660972 0.00654387 0.0201648 0.000586942 0.0205342 0.00678703 0.0067979
16 196418 31 2 1.45e-07 0.103133 2.6e-08 0.103676 0.0130702 0.0533672 0.011549 0.11764 0.109199 0.0196527 0.000325218 0.0194201 0.00646981 0.00652198 0.0194361 0.000540271 0.0194011 0.00672102 0.00682701
16 196418 31 2 6.4e-08 0.10316 2.6e-08 0.104036 0.0122708 0.0520539 0.0115134 0.11769 0.109152 0.0195935 0.000325787 0.0194083 0.00643658 0.00651689 0.0193936 0.000540545 0.0194532 0.00669064 0.00674922
16 196418 31 2 1.15e-07 0.104403 2.1e-08 0.104729 0.0128157 0.0527932 0.0120591 0.117705 0.109226 0.0201917 0.000325084 0.0199947 0.00651083 0.00652202 0.0200047 0.000540576 0.0200003 0.00671277 0.00673459
16 196418 23 2 1.18e-07 0.105849 2.6e-08 0.103853 0.0122372 0.0522125 0.0114932 0.117888 0.109004 0.0195766 0.000324944 0.019431 0.00653842 0.00643314 0.0193763 0.000540389 0.0194813 0.00674018 0.00670181
16 317811 31 2 8.7e-08 0.164012 2e-08 0.167853 0.0213035 0.0843139 0.0195416 0.192569 0.191699 0.0314393 0.000349514 0.0312452 0.0105374 0.0104817 0.0312448 0.000554697 0.0311963 0.0106234 0.0107445
16 317811 23 2 9.8e-08 0.164421 2.7e-08 0.166772 0.0199116 0.0839271 0.0200578 0.19483 0.191647 0.0319055 0.00033777 0.0316314 0.010508 0.0103951 0.0318206 0.000555887 0.0315926 0.0107505 0.0106916
16 317811 31 2 6.7e-08 0.159846 2.8e-08 0.166804 0.0196046 0.0837948 0.0195332 0.194417 0.191697 0.0316161 0.000338731 0.0312922 0.0104322 0.0104362 0.0312392 0.000555899 0.0311622 0.0106966 0.010641
16 317811 31 2 6.5e-08 0.162135 2.5e-08 0.16696 0.0194757 0.0838524 0.0195828 0.192269 0.191737 0.0337679 0.000349374 0.0312779 0.0104895 0.0105125 0.0330627 0.000556347 0.0312693 0.0107211 0.010713
16 317811 31 2 6.5e-08 0.162449 2.6e-08 0.167882 0.0192943 0.0837347 0.0195973 0.192501 0.191866 0.031499 0.000337653 0.0313816 0.0103893 0.0104489 0.0312713 0.000555494 0.0313368 0.0106156 0.0107969
16 514229 32 2 5.9e-08 0.256784 2.2e-08 0.270232 0.031521 0.138146 0.0317618 0.310559 0.309872 0.0511023 0.00035467 0.0507341 0.0165774 0.0165857 0.0507938 0.000586604 0.050761 0.0191262 0.0191612
16 514229 32 2 6.4e-08 0.255661 2.7e-08 0.269907 0.0308504 0.1374 0.0309881 0.310438 0.309298 0.050497 0.000354469 0.0501004 0.016605 0.0166152 0.0499732 0.000585474 0.0500035 0.0195315 0.0192126
16 514229 32 2 1.07e-07 0.260587 2.5e-08 0.269543 0.0312237 0.137388 0.0310406 0.310438 0.309774 0.0503831 0.000354698 0.0499797 0.0164493 0.0166339 0.0499237 0.000586665 0.0500002 0.0191812 0.0191916
16 514229 32 2 7.5e-08 0.258216 2.6e-08 0.269876 0.0324601 0.137456 0.0323646 0.31084 0.310043 0.0539147 0.000376423 0.051392 0.016662 0.0167132 0.0513063 0.000598112 0.0513807 0.0192651 0.0193147
16 514229 32 2 1.05e-07 0.256333 2.6e-08 0.269578 0.0308284 0.137435 0.0310917 0.313297 0.309725 0.0503343 0.00035433 0.0499922 0.0164977 0.0164418 0.0501297 0.000586184 0.050277 0.0192178 0.0196015
16 832040 32 2 6.2e-08 0.414128 2.5e-08 0.437051 0.0492802 0.223249 0.0522172 0.500746 0.501949 0.0810549 0.000368175 0.0808271 0.0270678 0.0267878 0.0839689 0.000603241 0.0808759 0.0302523 0.0308598
16 832040 32 2 1.03e-07 0.409752 2.6e-08 0.435232 0.0494992 0.219338 0.0496861 0.500722 0.502669 0.081498 0.000369067 0.0810597 0.0269262 0.0269239 0.0812965 0.000603386 0.0814394 0.0306111 0.0305008
16 832040 32 2 5.5e-08 0.408609 2.7e-08 0.437043 0.0514209 0.21925 0.0500481 0.501012 0.501717 0.081346 0.000369173 0.0810749 0.0267777 0.026655 0.0808889 0.000617352 0.0812809 0.0304688 0.0305068
16 832040 32 2 9.8e-08 0.410072 2.6e-08 0.43709 0.0493328 0.220026 0.0497366 0.501157 0.502071 0.0808567 0.000368985 0.0806804 0.0270256 0.0265695 0.081039 0.000601517 0.0806963 0.031502 0.0310354
16 832040 32 2 6.8e-08 0.409965 2.6e-08 0.437742 0.0513027 0.219315 0.0501274 0.50242 0.503564 0.0809066 0.000369062 0.0806657 0.0265652 0.0268623 0.080749 0.000604022 0.0806986 0.0309453 0.0305306
16 1346269 45 2 6.2e-08 0.662876 2.5e-08 0.70696 0.0797494 0.358131 0.0798704 0.808445 0.806145 0.130775 0.000382044 0.130626 0.0432859 0.0438666 0.130669 0.000628089 0.133104 0.0502914 0.050168
16 1346269 33 2 7.3e-08 0.650256 2.6e-08 0.716868 0.0810458 0.355873 0.0806521 0.808598 0.805932 0.138692 0.000395403 0.131885 0.0434447 0.0437849 0.132088 0.000627428 0.131002 0.0500456 0.0500275
16 1346269 33 2 1.13e-07 0.659809 2.6e-08 0.707284 0.0794158 0.355339 0.0807287 0.80979 0.806555 0.13055 0.000381778 0.13055 0.0439202 0.0432761 0.130617 0.000626539 0.130945 0.049533 0.0501874
16 1346269 33 2 7.4e-08 0.658262 2.6e-08 0.70584 0.0794708 0.356643 0.0807559 0.808022 0.804956 0.130375 0.000380832 0.130178 0.0437808 0.0437112 0.130382 0.000639488 0.13017 0.051066 0.0509608
16 1346269 33 2 7.5e-08 0.662501 2.6e-08 0.70469 0.0814768 0.354706 0.0806367 0.807752 0.804844 0.130329 0.000381542 0.130309 0.0434471 0.0438827 0.130402 0.000627456 0.130303 0.0504185 0.0503573
16 2178309 33 2 7.6e-08 1.06304 2.7e-08 1.14284 0.127463 0.574062 0.130252 1.3141 1.30754 0.220293 0.000396678 0.221985 0.0774711 0.0764318 0.225676 0.000664102 0.220698 0.0867606 0.0869814
16 2178309 33 2 6.5e-08 1.06486 2.8e-08 1.14297 0.128489 0.575819 0.132356 1.31333 1.30653 0.219199 0.000396226 0.219289 0.0780187 0.0766949 0.219063 0.0006641 0.219298 0.0860236 0.0869849
16 2178309 33 2 9.2e-08 1.06631 2e-08 1.14271 0.130282 0.573979 0.130755 1.3122 1.30757 0.220917 0.000396573 0.220397 0.0763362 0.0763324 0.220667 0.000662359 0.220816 0.0863384 0.0862124
16 2178309 33 2 6.8e-08 1.06005 2.6e-08 1.14098 0.130686 0.574183 0.130641 1.31268 1.30961 0.220487 0.000397025 0.220527 0.0752362 0.0762566 0.227224 0.000663519 0.220572 0.0881269 0.0880931
16 2178309 33 2 6.4e-08 1.06725 2e-08 1.14964 0.129713 0.579441 0.131997 1.312 1.30673 0.222292 0.000397094 0.222072 0.0764968 0.0762168 0.221381 0.000662816 0.225744 0.0865634 0.0860823
16 3524578 34 2 6.3e-08 1.71348 2.1e-08 1.8393 0.204935 0.937653 0.20593 2.13267 2.13334 0.355263 0.000410746 0.351145 0.11399 0.113581 0.3526 0.000677032 0.352642 0.143501 0.137435
16 3524578 34 2 7e-08 1.71813 2.6e-08 1.85008 0.205761 0.946166 0.208049 2.14702 2.12983 0.354657 0.000410752 0.348983 0.114063 0.113393 0.354996 0.000673702 0.35451 0.134701 0.133599
16 3524578 46 2 7.6e-08 1.70918 2.6e-08 1.8395 0.203846 0.937551 0.206459 2.15482 2.14827 0.353372 0.000410974 0.347779 0.113731 0.113271 0.355818 0.000679739 0.352734 0.130468 0.129999
16 3524578 34 2 1.07e-07 1.72259 2.6e-08 1.8472 0.204802 0.94795 0.207158 2.13594 2.12753 0.353189 0.000411049 0.348327 0.113408 0.115579 0.354824 0.000671385 0.354366 0.135396 0.133106
16 3524578 34 2 6.8e-08 1.70851 2.7e-08 1.84576 0.206399 0.945616 0.206815 2.13417 2.12766 0.353208 0.000410588 0.348154 0.113785 0.113984 0.357195 0.00067419 0.353755 0.13416 0.134678
16 5702887 34 2 5.9e-08 2.76475 2.5e-08 2.98373 0.342148 1.69522 0.330998 3.58075 3.58021 0.570995 0.000423841 0.568946 0.190364 0.191174 0.566875 0.000687882 0.570894 0.217152 0.213781
16 5702887 34 2 6.4e-08 2.78811 2.6e-08 3.00032 0.33908 1.70256 0.333033 3.58227 3.58255 0.573673 0.000427855 0.570376 0.187758 0.188444 0.568573 0.00069797 0.569378 0.21484 0.214317
16 5702887 34 2 7.5e-08 2.7816 2.6e-08 2.9978 0.337722 1.70486 0.330748 3.58189 3.58193 0.572483 0.000427954 0.568281 0.188409 0.188498 0.566739 0.000683074 0.568422 0.2153 0.214661
16 5702887 34 2 7.6e-08 2.76839 2.5e-08 2.98134 0.341589 1.69369 0.331697 3.57888 3.58041 0.572417 0.000423414 0.569949 0.189095 0.189295 0.566689 0.00068287 0.572216 0.211746 0.215331
16 5702887 34 2 5.7e-08 2.76255 2.6e-08 2.97911 0.337273 1.75509 0.329312 3.57726 3.57783 0.579489 0.00046239 0.573022 0.189801 0.189835 0.564687 0.000681253 0.573544 0.215891 0.219489
