16 1024 482 40 8.3e-08 0.0290106 2.7e-08 0.013232 0.000794216 0.000338326 0.000742966 0.000799217 0.000783395 0.000745047 0.000240676 0.000760578 0.000480492 0.000475588 0.00665997 0.0030066 0.00498681 0.00312393 0.00319328
16 1024 482 25 7.5e-08 0.01398 2.6e-08 0.0131548 0.000824994 0.000337616 0.000666865 0.000796127 0.000781026 0.000744342 0.000251077 0.000716375 0.000480512 0.00047656 0.00706435 0.00293081 0.00586935 0.00329843 0.00338375
16 1024 482 38 6e-08 0.0141558 2.5e-08 0.0131571 0.000731976 0.000337652 0.000661441 0.000798297 0.000784986 0.000900111 0.000240724 0.000729486 0.000479419 0.000476526 0.00643067 0.0030041 0.004482 0.0031093 0.00327879
16 1024 488 47 6.8e-08 0.0148078 2.7e-08 0.0131752 0.000719413 0.000348522 0.000666839 0.000797322 0.000781505 0.000737646 0.000242709 0.000705431 0.00048451 0.000480318 0.00595222 0.00291439 0.00437604 0.00304899 0.00324162
16 1024 483 22 6.9e-08 0.0237423 2.6e-08 0.0132009 0.000733707 0.000338076 0.000641208 0.000797718 0.000786645 0.000770029 0.000241076 0.000730595 0.000481552 0.000476816 0.00668098 0.00302237 0.00630073 0.00334708 0.00339915
16 1024 431 21 6.8e-08 0.0142741 2.7e-08 0.013168 0.000803118 0.000342184 0.000681954 0.000799773 0.000784721 0.000965578 0.000250325 0.000751491 0.000458932 0.000457407 0.00788605 0.00307292 0.00609775 0.00331687 0.00332773
16 1024 492 43 6.4e-08 0.0147386 2.7e-08 0.0131292 0.000765715 0.000338446 0.000711386 0.000796166 0.000782194 0.000798001 0.000243677 0.000711012 0.000487384 0.000482402 0.0066685 0.00302785 0.00434191 0.00307319 0.0031753
16 1024 500 37 6.9e-08 0.0261296 2.8e-08 0.0132217 0.000745536 0.000337815 0.000634463 0.000796329 0.000783641 0.000782934 0.000249533 0.000752734 0.000492671 0.000490227 0.00527036 0.00282695 0.00554368 0.0031572 0.00316622
16 1024 476 30 7.4e-08 0.0145164 2.6e-08 0.0131681 0.000745965 0.000343193 0.000698702 0.000798645 0.000784181 0.000774497 0.000240512 0.000777546 0.000476513 0.000472534 0.00671842 0.00302213 0.00532169 0.00319855 0.00332631
16 1024 485 40 7.6e-08 0.0168492 2.6e-08 0.0131639 0.000714786 0.000337384 0.000664272 0.000794534 0.000780472 0.000735524 0.000241824 0.000772684 0.000481619 0.00047733 0.00668512 0.00301575 0.00497972 0.0031257 0.00320988
16 1024 481 30 7.9e-08 0.0160764 2.6e-08 0.0132794 0.00115132 0.000337725 0.00137547 0.000796128 0.000786888 0.00151013 0.000240883 0.00175718 0.000483373 0.000474799 0.00802673 0.00297984 0.0078326 0.00328914 0.00336464
16 1024 489 39 7.2e-08 0.0163536 4.2e-08 0.0131265 0.000709741 0.000337803 0.000664297 0.000809457 0.000794965 0.000757701 0.000242914 0.000729324 0.000487016 0.000480778 0.00654146 0.00301328 0.00473935 0.00314114 0.00312901
16 1024 488 23 8.8e-08 0.0157303 2.7e-08 0.0131432 0.000795395 0.000338073 0.000655699 0.000795701 0.00078285 0.000753471 0.000242738 0.000728733 0.000485999 0.000480128 0.00652937 0.0030141 0.0057337 0.00329345 0.00336334
16 1024 447 39 5.9e-08 0.0584076 2.5e-08 0.0131641 0.000750178 0.000342111 0.000697016 0.000795868 0.0007826 0.000752128 0.000254264 0.000961919 0.000474724 0.000469335 0.00818046 0.00309604 0.00463882 0.00319281 0.00317625
16 1024 447 24 7.1e-08 0.014193 2.6e-08 0.0132107 0.000763807 0.000338398 0.000658942 0.000797979 0.000781324 0.000748486 0.000249507 0.000725635 0.000473047 0.00048298 0.00686573 0.00301899 0.00641724 0.00333425 0.00335309
16 1024 434 38 7.4e-08 0.0231687 2.6e-08 0.0132094 0.000795473 0.000340943 0.000697314 0.000798077 0.000784369 0.000733325 0.000245732 0.000723893 0.000461855 0.000472621 0.00688026 0.00306925 0.00475885 0.00314662 0.00327048
16 1024 490 38 8.2e-08 0.0148933 2.5e-08 0.0131658 0.000778102 0.000340112 0.00066245 0.000799625 0.000789341 0.000798666 0.000243339 0.000734185 0.000487468 0.000487964 0.00653523 0.00301658 0.00478205 0.00314893 0.00325961
16 1024 502 35 7.4e-08 0.016485 2.8e-08 0.0131567 0.00074152 0.000337758 0.000795207 0.000797875 0.000780641 0.000738184 0.000246118 0.000730131 0.000492885 0.000488566 0.00754654 0.00299797 0.00570656 0.00327635 0.00333465
16 1024 556 30 6.9e-08 0.0146601 2.7e-08 0.013156 0.000767753 0.000346265 0.000734711 0.000797921 0.000780704 0.000736804 0.000245543 0.000716863 0.000513055 0.000490774 0.0057756 0.00290532 0.00620445 0.00322645 0.00335325
16 1024 506 42 6.8e-08 0.0150989 2.7e-08 0.0131454 0.000786212 0.000338262 0.000667397 0.000800175 0.000784056 0.00072443 0.000247105 0.000730787 0.000496513 0.000491478 0.00752992 0.00300992 0.00453804 0.00307959 0.00310427
16 2048 967 214 7.5e-08 0.0269794 2.9e-08 0.0258729 0.000780391 0.00061756 0.00078832 0.00153141 0.00152031 0.000882321 0.000374696 0.000886898 0.000842699 0.00083911 0.00649753 0.00315808 0.0055181 0.00337662 0.00345359
16 2048 887 204 6.9e-08 0.0277581 2.5e-08 0.0258384 0.000825297 0.000617455 0.000741483 0.00152964 0.00151528 0.000873655 0.000366575 0.000896578 0.000798629 0.000798888 0.00666193 0.00313172 0.00581389 0.00339539 0.0034903
16 2048 968 201 7.5e-08 0.0260391 2.9e-08 0.0257207 0.000780593 0.000617407 0.00071088 0.00152705 0.00151778 0.000932859 0.000374794 0.000881929 0.000843279 0.000852132 0.00686961 0.00323532 0.00594814 0.00345121 0.00349475
16 2048 996 210 7.4e-08 0.0390293 2.5e-08 0.0257983 0.000757873 0.00061757 0.000752731 0.00153117 0.00151479 0.000891828 0.000384857 0.000830921 0.000929846 0.000860565 0.0066953 0.00320077 0.00544774 0.00346403 0.00349147
16 2048 976 210 5.6e-08 0.0340446 2.8e-08 0.025795 0.000805659 0.000622172 0.000747387 0.00152852 0.00153743 0.000905065 0.000377778 0.00084607 0.000854082 0.000846334 0.00623508 0.00310321 0.00593644 0.00342852 0.00343765
16 2048 970 213 7e-08 0.026186 2.6e-08 0.0260021 0.000788082 0.000617631 0.000751456 0.00153095 0.00151628 0.000846511 0.000379885 0.000839457 0.00084935 0.00084085 0.00668398 0.00317282 0.00613871 0.00347271 0.00346382
16 2048 973 202 6.8e-08 0.0258878 2.8e-08 0.0256915 0.000761787 0.000617344 0.000709617 0.001533 0.00150921 0.000900678 0.00037707 0.000880298 0.000847117 0.000844578 0.00672991 0.00321074 0.00614936 0.00348306 0.00349464
16 2048 967 221 7.2e-08 0.026213 3.3e-08 0.0258749 0.000798922 0.000617758 0.000744043 0.00153496 0.00151147 0.000905126 0.000376646 0.000836725 0.000844555 0.00084612 0.0066762 0.00317244 0.00601338 0.00345626 0.00346099
16 2048 962 211 7.2e-08 0.0260018 3.5e-08 0.0259076 0.000817523 0.000617656 0.00079519 0.0015395 0.00151315 0.000935328 0.000371976 0.000886431 0.000839787 0.00084358 0.00655878 0.00317073 0.0060897 0.00342819 0.00346281
16 2048 889 218 7.6e-08 0.0375076 2.7e-08 0.0258972 0.000788558 0.000617793 0.000751907 0.00154951 0.00151337 0.000912396 0.000367241 0.000977495 0.000800132 0.000802494 0.00712961 0.00325527 0.00565333 0.00347861 0.00352242
16 2048 876 204 8.3e-08 0.0261862 2.6e-08 0.0257916 0.000871533 0.000617698 0.000744133 0.00153653 0.00151011 0.000876831 0.000363252 0.000900272 0.000792638 0.000792028 0.00700185 0.00324855 0.00566871 0.00346784 0.00354193
16 2048 901 207 6.9e-08 0.0260268 2.9e-08 0.025804 0.00101596 0.000619685 0.000793682 0.00152972 0.00151419 0.000927618 0.000372592 0.000967554 0.000876605 0.0008616 0.00706671 0.00324528 0.00603259 0.00353896 0.00347328
16 2048 955 210 7.2e-08 0.0258306 2.8e-08 0.0257952 0.00134351 0.000617781 0.000746467 0.00153021 0.00151656 0.000945295 0.000372392 0.000933799 0.00083138 0.00083054 0.00688554 0.00322457 0.00583722 0.00348731 0.00346927
16 2048 820 214 7.5e-08 0.026428 2.7e-08 0.0258363 0.000797404 0.000621951 0.000744647 0.00153105 0.00150904 0.000888114 0.000363966 0.000945448 0.000782724 0.000769505 0.00654061 0.00315942 0.00598518 0.00340313 0.003486
16 2048 881 211 7e-08 0.0390603 2.7e-08 0.0257689 0.000772733 0.000617496 0.000746494 0.00152321 0.00150868 0.000913912 0.000365813 0.000908099 0.000796019 0.000799658 0.00749352 0.00330701 0.00617594 0.00354301 0.00355865
16 2048 975 203 6.5e-08 0.032983 2.5e-08 0.0257523 0.00078438 0.000622163 0.000747932 0.0015233 0.00152595 0.000960193 0.000377741 0.000846721 0.000846929 0.000845543 0.00657815 0.00317807 0.00595103 0.00344901 0.00341027
16 2048 904 216 7.3e-08 0.0259537 2.6e-08 0.0281051 0.000797524 0.000617618 0.000751107 0.00152779 0.00151353 0.000883106 0.000373635 0.00109481 0.000812359 0.000861917 0.00731009 0.00328368 0.00578348 0.00350263 0.00360482
16 2048 886 202 7e-08 0.0259441 2.5e-08 0.0258182 0.000798102 0.000617509 0.000793838 0.00153404 0.00151248 0.000878103 0.000366155 0.000888778 0.000799061 0.000797604 0.00722771 0.00328278 0.00638521 0.00351188 0.00346265
16 2048 975 218 7.3e-08 0.0259629 2.6e-08 0.0257996 0.000845153 0.000617858 0.000790771 0.00153109 0.00150524 0.000899904 0.000376285 0.000885733 0.000850507 0.000844592 0.00608609 0.00308511 0.00527132 0.00337181 0.00342502
16 2048 976 193 7.4e-08 0.0421283 2.8e-08 0.0258879 0.000943567 0.000622655 0.00087435 0.00152421 0.00151752 0.000854724 0.000377603 0.000883175 0.000847431 0.000845391 0.00642983 0.00314034 0.00661579 0.00349738 0.0035757
16 4096 1957 489 7.5e-08 0.0495034 2.6e-08 0.0510974 0.000892603 0.00120154 0.000846678 0.00302298 0.00302716 0.00111099 0.000644423 0.00110997 0.00157786 0.00158563 0.0103056 0.00406547 0.0097671 0.00446036 0.00456693
16 4096 1972 480 8.3e-08 0.0503315 2.6e-08 0.0511537 0.000935994 0.00119795 0.000886245 0.00297541 0.00297239 0.00112579 0.000651324 0.00115669 0.00158667 0.00162308 0.0103371 0.00400347 0.00978545 0.00445376 0.00455238
16 4096 1815 490 6.1e-08 0.0566957 2.8e-08 0.0510533 0.000948686 0.00119516 0.000854126 0.00299106 0.00299067 0.00139928 0.00062643 0.0011614 0.00152347 0.00151023 0.0103553 0.00400245 0.00982287 0.00443674 0.00454303
16 4096 1806 506 6.3e-08 0.0493132 2.7e-08 0.0510153 0.000921395 0.00119455 0.000910724 0.00299541 0.00296969 0.00119918 0.000622221 0.0011378 0.00157785 0.00149968 0.010379 0.00401135 0.00981287 0.00446407 0.00458142
16 4096 1947 480 6.8e-08 0.0499712 2.5e-08 0.051364 0.000958488 0.00119492 0.000855107 0.0029707 0.00298111 0.00111216 0.000643807 0.00110984 0.00157095 0.00159857 0.0101449 0.00398324 0.00983398 0.00444597 0.00452074
16 4096 1784 495 7.6e-08 0.0497175 2.7e-08 0.0511176 0.000980438 0.00119493 0.000850385 0.00299393 0.00297246 0.0012006 0.000616963 0.00118472 0.00147465 0.00149058 0.0105433 0.0041455 0.0102526 0.00455785 0.00455721
16 4096 1783 495 6e-08 0.0495845 2.5e-08 0.0511825 0.00103361 0.00119933 0.000836483 0.00298111 0.00295251 0.00114224 0.000615246 0.00134095 0.0014784 0.00147253 0.0105222 0.00400402 0.00959992 0.00428767 0.00454507
16 4096 1782 488 7.3e-08 0.0489357 2.7e-08 0.0511301 0.000890496 0.0011951 0.000813695 0.00299243 0.00295203 0.00118707 0.000619671 0.00117912 0.00147185 0.00148536 0.0102831 0.004001 0.00976535 0.00445818 0.00453939
16 4096 1787 496 7.1e-08 0.0490333 2.8e-08 0.051344 0.000979748 0.00119917 0.000889546 0.00299788 0.00297478 0.00118338 0.00061606 0.00117004 0.00148292 0.00150438 0.0102946 0.00400086 0.00985699 0.00445216 0.00455794
16 4096 1768 502 7.1e-08 0.0510086 2.6e-08 0.0510684 0.000915589 0.00119552 0.000854973 0.00299027 0.00298373 0.00115404 0.000612606 0.00114067 0.00146469 0.00146639 0.0103209 0.00400325 0.00978159 0.00446541 0.00457128
16 4096 1944 482 7.7e-08 0.0512057 2.6e-08 0.0510791 0.000957863 0.00119487 0.000870473 0.00297701 0.00297857 0.0011139 0.000642379 0.00119775 0.00157469 0.00157754 0.0102236 0.00398362 0.00976556 0.00445631 0.0044516
16 4096 1803 489 6e-08 0.0540822 2.6e-08 0.0513541 0.000904688 0.00119435 0.000851725 0.00299992 0.0030081 0.00120977 0.00062291 0.00113319 0.00156996 0.00148832 0.0102668 0.00399994 0.00973448 0.00445744 0.00442035
16 4096 1648 491 5.9e-08 0.0527338 2.5e-08 0.0510577 0.00105715 0.00119476 0.000848959 0.00300918 0.0029872 0.00115878 0.00065096 0.00121623 0.00140457 0.00158783 0.010163 0.00399042 0.00953269 0.00428474 0.00452357
16 4096 1782 494 6.5e-08 0.0500649 2.7e-08 0.0513547 0.000922365 0.00119896 0.000852032 0.00299923 0.00297721 0.00121124 0.000615845 0.00115795 0.00148514 0.00147445 0.010321 0.00400656 0.00982154 0.00449616 0.00456486
16 4096 1952 489 7.5e-08 0.0582647 2.7e-08 0.0511057 0.000954221 0.00119545 0.000859538 0.00298595 0.00297279 0.00112888 0.000643221 0.00114779 0.00157571 0.00157324 0.0102737 0.00401189 0.00978986 0.00446703 0.0045538
16 4096 1795 499 7e-08 0.0492622 2.7e-08 0.0511016 0.0010325 0.00119927 0.000844885 0.00299808 0.00295373 0.00120611 0.000615883 0.00113837 0.00155835 0.00148131 0.0103408 0.00400181 0.00978457 0.00449875 0.00456856
16 4096 1789 489 7.3e-08 0.0489702 2.7e-08 0.0511942 0.000896168 0.00119477 0.000856969 0.00305099 0.00301116 0.00119621 0.000616249 0.00117644 0.00147649 0.0014771 0.0102566 0.00401121 0.00981104 0.00444728 0.00453691
16 4096 1635 491 7.6e-08 0.0514573 2.8e-08 0.0510276 0.000918445 0.00119531 0.000853326 0.0029856 0.00296821 0.00120647 0.000587567 0.00119717 0.00139645 0.00139074 0.0102714 0.00399763 0.00974826 0.00448294 0.00454386
16 4096 1800 481 7.8e-08 0.0493173 3.4e-08 0.0511549 0.000921189 0.00119921 0.000893758 0.00297973 0.00298313 0.0011497 0.000618517 0.00117495 0.00157543 0.00141863 0.0100502 0.00398542 0.00965578 0.00445084 0.00416423
16 4096 1771 491 5.9e-08 0.0492628 2.7e-08 0.0511322 0.0010071 0.00119494 0.000938397 0.00298551 0.00298047 0.00123637 0.000611495 0.00118319 0.00146688 0.00146923 0.0103069 0.00399833 0.00978445 0.00448588 0.00456853
16 8192 3546 1044 7.1e-08 0.133048 2.7e-08 0.101627 0.00118983 0.00233697 0.00113049 0.00645854 0.00621954 0.00177968 0.00109419 0.00172672 0.00280597 0.00280623 0.0168984 0.00453331 0.0167455 0.00548966 0.00579333
16 8192 3291 1037 5.9e-08 0.0960225 2.7e-08 0.101841 0.00115542 0.00233572 0.00109568 0.00646376 0.00618683 0.00177991 0.00104206 0.00177816 0.00264105 0.00265068 0.0173082 0.00458072 0.0171053 0.00554813 0.00551043
16 8192 3561 1034 6.4e-08 0.0959181 2.7e-08 0.101529 0.00121816 0.00233624 0.00121685 0.00646421 0.00618661 0.00176642 0.00109904 0.00168175 0.00281599 0.00282328 0.0172922 0.00457115 0.016996 0.0054997 0.00583891
16 8192 3588 1044 7e-08 0.0957861 2.5e-08 0.101791 0.00118029 0.00239353 0.00112123 0.00645287 0.00619515 0.00170087 0.00111047 0.00175173 0.00284379 0.00284486 0.0175298 0.00461179 0.0173696 0.00580666 0.00580509
16 8192 3583 1024 5.9e-08 0.0959378 2.6e-08 0.101667 0.00136693 0.00233674 0.0010938 0.00645561 0.00618884 0.00175709 0.0011042 0.00170661 0.00281857 0.00282616 0.0172274 0.00461229 0.0169929 0.00556455 0.00577821
16 8192 3541 1056 7.1e-08 0.0962864 2.7e-08 0.102515 0.00113145 0.0023318 0.00109331 0.00646616 0.00624319 0.00170666 0.00109708 0.00183688 0.00281003 0.00280304 0.0159521 0.00438317 0.0161961 0.0054141 0.00548059
16 8192 3594 1030 6e-08 0.0958979 2.5e-08 0.10164 0.00127191 0.00233661 0.00112987 0.00648104 0.00619224 0.00171773 0.00110789 0.00170655 0.00285036 0.00284537 0.0167402 0.00451264 0.0166067 0.00548461 0.00552593
16 8192 3307 1043 7.4e-08 0.0979364 2.6e-08 0.101566 0.00114335 0.00234803 0.00107762 0.00650599 0.00625278 0.00165554 0.0011876 0.0017641 0.00266492 0.00267133 0.0169528 0.00453093 0.0170573 0.00554511 0.00582157
16 8192 3300 1034 7.4e-08 0.0958693 2.6e-08 0.101471 0.00116902 0.00234066 0.00109591 0.00645708 0.00619384 0.00179669 0.00104599 0.00185842 0.00264275 0.00266433 0.016263 0.00444053 0.0175669 0.0058004 0.00543808
16 8192 3582 1040 7.3e-08 0.0978605 2.7e-08 0.10159 0.00121981 0.00233968 0.00112214 0.00646508 0.00618468 0.0017267 0.0011129 0.00171227 0.00281577 0.00282151 0.0171057 0.00456438 0.0170632 0.00551992 0.0058028
16 8192 3589 1044 7.1e-08 0.100869 2.7e-08 0.101579 0.00125504 0.00233617 0.00114271 0.00646396 0.00618486 0.00171853 0.00110636 0.00173089 0.00283721 0.00283647 0.0165052 0.00448471 0.0163642 0.00544708 0.00549282
16 8192 3561 1036 6.3e-08 0.0974974 2.6e-08 0.101642 0.00123135 0.00235636 0.00127128 0.00646511 0.00618616 0.00171952 0.00109875 0.0017174 0.00281127 0.0026585 0.0169497 0.00454286 0.0171023 0.00555023 0.00583301
16 8192 3579 1043 6.4e-08 0.0962943 2.6e-08 0.10162 0.00121362 0.00233162 0.00113616 0.00646066 0.00618403 0.00173826 0.00110894 0.00168743 0.00283459 0.0028239 0.0168751 0.00453198 0.016887 0.00548155 0.00580084
16 8192 3562 1036 6.9e-08 0.0955721 2.6e-08 0.10158 0.0011871 0.00234358 0.00121407 0.0064646 0.00618305 0.00174494 0.0011037 0.00171685 0.00284136 0.00283235 0.0174945 0.00461948 0.0172402 0.00579839 0.00580577
16 8192 3547 1034 7.6e-08 0.0957697 2.7e-08 0.10161 0.00137472 0.00233891 0.00118323 0.0064562 0.00618473 0.0016591 0.00117967 0.00171915 0.00280036 0.00282175 0.0165281 0.00448026 0.0168158 0.00551348 0.0055428
16 8192 3591 1036 6.8e-08 0.095733 2.8e-08 0.101431 0.00121726 0.00234277 0.00106052 0.00645403 0.00619057 0.00174209 0.00110712 0.00170961 0.00287257 0.00286324 0.01716 0.00457355 0.0170024 0.0055391 0.00585958
16 8192 3899 1037 6.3e-08 0.098774 2.8e-08 0.101591 0.00117353 0.0023375 0.00114194 0.00646123 0.00621486 0.00168382 0.00119334 0.00166544 0.00303039 0.00282232 0.017295 0.00458293 0.0171353 0.00556492 0.00583391
16 8192 3543 1020 6.8e-08 0.0987477 3e-08 0.101777 0.0012611 0.00233605 0.00109263 0.00645482 0.00618926 0.0017723 0.0011002 0.00183214 0.00281407 0.00280578 0.0171262 0.00455719 0.0170092 0.00551945 0.00578959
16 8192 3922 1040 6.8e-08 0.0961302 2.7e-08 0.10151 0.00119863 0.00233963 0.00113381 0.00646437 0.00618527 0.00179449 0.00111044 0.00167872 0.00304333 0.00286387 0.017902 0.00487345 0.0171214 0.00573977 0.00582982
16 8192 3596 1026 6.6e-08 0.0975678 2.8e-08 0.101526 0.00116618 0.00233229 0.00118108 0.00645425 0.00618943 0.00171792 0.0011078 0.00170841 0.00283886 0.00285008 0.0172725 0.00458314 0.016949 0.00551179 0.00548708
16 16384 6665 2065 6.7e-08 0.189523 2.6e-08 0.203367 0.00163881 0.00461929 0.00162089 0.0116707 0.0116422 0.00296235 0.00197391 0.0030888 0.00519551 0.00519368 0.0360086 0.00597133 0.0352022 0.00787134 0.00785257
16 16384 7160 2055 9.5e-08 0.190189 2.9e-08 0.202846 0.00169829 0.00461287 0.00159984 0.0116645 0.0116404 0.00296907 0.00208892 0.0028655 0.00550735 0.00551689 0.0366084 0.0060172 0.0358781 0.00800259 0.00797193
16 16384 7196 2074 7e-08 0.189489 2.5e-08 0.202918 0.00175998 0.00461869 0.00156788 0.0116627 0.0116977 0.00303769 0.00196296 0.0028268 0.00552711 0.00552788 0.0348857 0.00587232 0.0341192 0.00783653 0.00785523
16 16384 7177 2052 6.8e-08 0.190565 2.7e-08 0.202629 0.0016216 0.0046196 0.00152548 0.0116801 0.0116449 0.00292881 0.00210837 0.00279527 0.00553449 0.00553483 0.0357954 0.00592569 0.035029 0.00788211 0.00786031
16 16384 7101 2044 7.5e-08 0.20312 2.8e-08 0.202795 0.00171813 0.00461777 0.00158988 0.0116762 0.0116394 0.0027948 0.00207778 0.00284966 0.0055489 0.00546502 0.0377607 0.00610097 0.0369938 0.00817721 0.00801381
16 16384 6625 2068 7.1e-08 0.191067 2.5e-08 0.202901 0.00173071 0.00461185 0.0015763 0.0116651 0.0116718 0.00285284 0.00209252 0.00270545 0.00547468 0.00548331 0.0364725 0.00599483 0.035843 0.00797403 0.0080144
16 16384 7167 2032 6.5e-08 0.191534 2.8e-08 0.202705 0.00177389 0.00461329 0.00156227 0.011704 0.0116403 0.0028437 0.00209091 0.0028098 0.00551809 0.00552164 0.039024 0.00618676 0.0381646 0.00818601 0.00819326
16 16384 7178 2055 7.4e-08 0.205514 3e-08 0.202525 0.00164035 0.00461711 0.00159158 0.0116644 0.0116391 0.00295359 0.00209351 0.00281334 0.00553994 0.00553823 0.0359821 0.00596942 0.0353482 0.00793697 0.00794029
16 16384 7177 2063 7.9e-08 0.190069 2.7e-08 0.203212 0.00174251 0.0046124 0.0016088 0.0116804 0.0116413 0.00285278 0.00209262 0.00285751 0.00554718 0.0055355 0.0374869 0.00607613 0.0366389 0.0080789 0.00808114
16 16384 7155 2019 7e-08 0.201918 2.7e-08 0.203632 0.00182383 0.00461875 0.00162471 0.0116743 0.0116307 0.00283944 0.00208706 0.0028152 0.00552493 0.00549877 0.0399356 0.00625289 0.0390314 0.00824211 0.0082268
16 16384 6594 2047 6.5e-08 0.191096 2.8e-08 0.202525 0.00165332 0.00461784 0.00168022 0.0116835 0.0116547 0.00290115 0.00207838 0.00295617 0.00515014 0.00514388 0.0370274 0.00602157 0.0359915 0.00798412 0.00799191
16 16384 7158 2076 6e-08 0.218036 2.8e-08 0.202816 0.00176571 0.00461694 0.0016264 0.0117976 0.0116659 0.0028471 0.0020948 0.00281104 0.00552103 0.00550405 0.0351867 0.00587934 0.0343352 0.00784303 0.00784629
16 16384 7152 2033 6.5e-08 0.190342 2.6e-08 0.203046 0.00169233 0.00461305 0.0016238 0.0116622 0.0116457 0.00291523 0.00208671 0.0029033 0.00550973 0.00517254 0.0408926 0.00632559 0.0399443 0.00845269 0.00829342
16 16384 7096 2044 6.9e-08 0.191097 2.8e-08 0.202602 0.00166056 0.00461785 0.0015884 0.0116646 0.011641 0.00293327 0.0020723 0.00283923 0.00547208 0.00548513 0.0363239 0.0060014 0.0354965 0.00796046 0.00796976
16 16384 6653 2056 6.8e-08 0.193373 2.8e-08 0.204429 0.00163931 0.00461467 0.00159041 0.0116715 0.011635 0.00299944 0.00195881 0.00294137 0.00519994 0.00519262 0.0361724 0.00596205 0.0353874 0.00792831 0.00795687
16 16384 6604 2043 6.8e-08 0.219181 2.8e-08 0.202514 0.00166808 0.00462463 0.00157395 0.0116343 0.0116456 0.00289388 0.00209342 0.00298027 0.00518209 0.00551533 0.0378783 0.00609388 0.0370191 0.00804257 0.00809786
16 16384 6640 2025 6.4e-08 0.189642 2.9e-08 0.20282 0.00169524 0.00461301 0.00223989 0.011683 0.0116388 0.0029579 0.00196233 0.00296206 0.00519697 0.00521118 0.039775 0.00624828 0.0390837 0.00822528 0.00824025
16 16384 7194 2049 7.1e-08 0.190209 3e-08 0.20249 0.00166963 0.00476371 0.00159745 0.0116647 0.0116423 0.00285964 0.00210525 0.00284248 0.00553567 0.00555276 0.0378796 0.00608739 0.0370156 0.00807952 0.00808457
16 16384 7176 2028 6.4e-08 0.190672 2.5e-08 0.202641 0.00168612 0.00461256 0.00157917 0.0116646 0.011644 0.00281799 0.00210967 0.00276742 0.00552786 0.0055386 0.0402044 0.00620218 0.0388458 0.00816691 0.00815072
16 16384 7175 2049 7.4e-08 0.204678 2.8e-08 0.202868 0.00171698 0.00461782 0.00161278 0.0116577 0.0116385 0.00288273 0.00209766 0.00281608 0.00554911 0.00551704 0.0379427 0.00609484 0.0371504 0.00804893 0.00805109
16 32768 14360 4251 6.9e-08 0.410762 2.8e-08 0.404127 0.00278979 0.0091291 0.0026483 0.023739 0.0236612 0.0050443 0.00409468 0.00506806 0.0109555 0.0109489 0.0601322 0.00699548 0.06003 0.0110465 0.0110635
16 32768 14275 4247 6.3e-08 0.416221 3.4e-08 0.405873 0.00268727 0.00911673 0.00253017 0.0234439 0.0233382 0.00531719 0.00417225 0.00499632 0.0109169 0.0109107 0.0611161 0.00704845 0.06113 0.0110829 0.0111516
16 32768 14311 4262 6.4e-08 0.381605 2.5e-08 0.404338 0.00267365 0.009115 0.00249659 0.0234586 0.0233394 0.00506334 0.00405867 0.00510552 0.0109058 0.0109251 0.0595685 0.00696257 0.0596606 0.0112367 0.0110554
16 32768 14293 4292 7e-08 0.394157 2.7e-08 0.404274 0.00269898 0.00917368 0.00255754 0.0234866 0.0233948 0.00509034 0.00407919 0.0050447 0.0109075 0.0109192 0.0579515 0.00688655 0.0602124 0.0111047 0.011178
16 32768 13301 4281 7e-08 0.413783 2.8e-08 0.404346 0.00268546 0.00912203 0.00262945 0.0234688 0.0233914 0.00503231 0.00407827 0.00533179 0.0102219 0.0102347 0.058238 0.00690951 0.0591438 0.0109384 0.0110593
16 32768 14367 4251 6.9e-08 0.388552 2.8e-08 0.404114 0.00323408 0.00911571 0.00261688 0.0234226 0.0233508 0.00504045 0.00407739 0.00502603 0.01095 0.0109933 0.0593341 0.00694382 0.0592069 0.0110745 0.0111258
16 32768 14318 4227 6.6e-08 0.401169 2.5e-08 0.403852 0.00276683 0.00912275 0.00253275 0.0234336 0.0233551 0.00517607 0.00405369 0.00501656 0.0110448 0.0109258 0.0594089 0.00693987 0.0608811 0.0110985 0.0110969
16 32768 13276 4310 6.5e-08 0.382406 3e-08 0.404162 0.00276368 0.00912478 0.00257892 0.0234241 0.0233466 0.00511041 0.00407263 0.00529988 0.0102549 0.0102427 0.0592578 0.00696884 0.0600694 0.0110971 0.0111444
16 32768 14338 4257 6.4e-08 0.400064 2.6e-08 0.404362 0.00281246 0.0091164 0.00255837 0.0237174 0.0236269 0.0050694 0.00407635 0.0051928 0.0109121 0.0109457 0.0595549 0.0069413 0.0594783 0.0110617 0.0110626
16 32768 14324 4288 7.4e-08 0.393609 2.6e-08 0.404564 0.00273313 0.00912189 0.00267729 0.0234208 0.0233394 0.00530653 0.00417788 0.00499735 0.0108971 0.0102683 0.0592169 0.00697068 0.0594574 0.0110447 0.0110954
16 32768 13259 4290 6.4e-08 0.394583 3.4e-08 0.404763 0.00278835 0.00917511 0.00267273 0.0234956 0.0233837 0.00525814 0.00406276 0.00549434 0.0102724 0.0102739 0.0592086 0.00695953 0.059931 0.0110882 0.0111842
16 32768 14337 4280 6.9e-08 0.400463 2.8e-08 0.404011 0.00270298 0.00923991 0.0025512 0.0234514 0.0233499 0.00504763 0.00405993 0.00509798 0.0109216 0.0109967 0.0594227 0.00697271 0.0595958 0.0109583 0.0110001
16 32768 13272 4237 6.4e-08 0.391139 2.7e-08 0.40438 0.002683 0.00912461 0.00254852 0.0234476 0.0234108 0.00544805 0.00406382 0.0053249 0.0102689 0.0102578 0.0576545 0.00685776 0.060496 0.0111039 0.0111239
16 32768 14332 4283 6.3e-08 0.382662 2.7e-08 0.403992 0.00273704 0.0091266 0.00254082 0.0234606 0.0233891 0.00514295 0.00406259 0.00498912 0.010926 0.0109464 0.0600641 0.00700518 0.0606404 0.0110766 0.0111828
16 32768 13361 4259 5.7e-08 0.398624 2.6e-08 0.40391 0.00269524 0.00913877 0.00249906 0.0234314 0.0233581 0.00504955 0.00408869 0.005328 0.0103203 0.01102 0.057668 0.00684708 0.0601822 0.0110571 0.0110807
16 32768 14263 4239 6.2e-08 0.382343 2.7e-08 0.404475 0.00283469 0.00912674 0.00264878 0.023446 0.0233698 0.0049934 0.00404064 0.00499148 0.0109281 0.0109334 0.0606643 0.00704389 0.060953 0.0111218 0.0112202
16 32768 14323 4281 6.5e-08 0.399436 2.7e-08 0.404068 0.00272364 0.00911615 0.0025631 0.0234164 0.0233402 0.00509848 0.00406041 0.00499079 0.0109143 0.0109331 0.0581465 0.00688021 0.0589156 0.0109905 0.0116938
16 32768 14310 4313 7e-08 0.381275 2.6e-08 0.404175 0.00278631 0.00911526 0.00263161 0.0234447 0.023353 0.00486667 0.00405715 0.0050753 0.010905 0.0109231 0.0577829 0.00684106 0.059633 0.0110762 0.0111128
16 32768 14260 4249 7.1e-08 0.381783 2.5e-08 0.404025 0.00282115 0.00912405 0.00259937 0.0234404 0.0233398 0.0050998 0.0040435 0.0051597 0.0108784 0.0101882 0.0631152 0.00725055 0.0624011 0.0111899 0.0112189
16 32768 13316 4219 5.7e-08 0.384986 3.3e-08 0.404075 0.00288647 0.00913334 0.00272508 0.0234326 0.0233477 0.00521264 0.00405631 0.0053218 0.0102917 0.0109884 0.0607705 0.007016 0.0605836 0.0109684 0.0110176
16 65536 28682 8514 7e-08 0.794684 2.6e-08 0.80806 0.00472465 0.0182806 0.00444874 0.0465474 0.0464995 0.00941651 0.00802518 0.00945146 0.0216896 0.0217226 0.11924 0.00914647 0.120825 0.0172789 0.0172915
16 65536 26624 8448 8.4e-08 0.755047 2.7e-08 0.807675 0.00487849 0.0183907 0.00447393 0.0466517 0.0466051 0.00942661 0.00803873 0.00999084 0.0204017 0.0218876 0.120739 0.00921499 0.120285 0.0173801 0.0179667
16 65536 28744 8504 1.03e-07 0.764129 2.5e-08 0.807963 0.00478777 0.0182941 0.00453263 0.0465245 0.0464972 0.00932188 0.00804305 0.0093445 0.0216874 0.0217212 0.122169 0.00932746 0.121461 0.0172991 0.0173146
16 65536 28747 8522 6.6e-08 0.757369 2.8e-08 0.807845 0.00480123 0.0182789 0.00442264 0.0465273 0.0465158 0.0094374 0.00806056 0.00929391 0.0218312 0.0217078 0.121256 0.00927524 0.121783 0.0171684 0.0171791
16 65536 28611 8473 5.9e-08 0.766576 3.3e-08 0.807641 0.00476402 0.0182854 0.00441188 0.0465242 0.0466354 0.00966797 0.00802438 0.00966111 0.0216589 0.0217073 0.120018 0.00953433 0.120366 0.0172924 0.0173321
16 65536 28624 8481 6.7e-08 0.755855 2.5e-08 0.808221 0.00718916 0.018281 0.00441057 0.0464976 0.0465758 0.00941033 0.00798454 0.0116495 0.0216266 0.0216934 0.120724 0.00934987 0.120544 0.0170952 0.0171296
16 65536 28677 8551 7.2e-08 0.755091 2.7e-08 0.807398 0.0047651 0.0182819 0.00441742 0.046488 0.0465228 0.00952247 0.00802069 0.00940278 0.0217274 0.0217691 0.122909 0.00932113 0.122203 0.0173876 0.0174335
16 65536 28671 8476 6.3e-08 0.75746 2.8e-08 0.808098 0.00466627 0.0182821 0.00437572 0.0465294 0.0465244 0.00941733 0.00799455 0.00939463 0.0216107 0.0216617 0.120834 0.00928498 0.121103 0.017261 0.017297
16 65536 28748 8446 6.5e-08 0.757523 2.7e-08 0.807663 0.00480342 0.0183018 0.00443869 0.0465271 0.0465454 0.00929937 0.00807287 0.00931343 0.0216741 0.0217361 0.120682 0.0092656 0.120838 0.0173295 0.0173217
16 65536 28667 8410 6.4e-08 0.756508 2.5e-08 0.807392 0.00482348 0.0182926 0.00445104 0.0466514 0.0466666 0.00954919 0.00803479 0.00939621 0.0216435 0.0217766 0.121573 0.00930561 0.121091 0.0173183 0.017328
16 65536 28635 8472 7.4e-08 0.758113 2.7e-08 0.807993 0.00478431 0.0182806 0.00447866 0.0464928 0.0465385 0.00937986 0.00799061 0.00939514 0.0216456 0.0218712 0.121006 0.00926827 0.122005 0.0173769 0.0173664
16 65536 28614 8432 7.6e-08 0.759742 2.5e-08 0.808097 0.00480925 0.0182797 0.00442923 0.0465118 0.0465101 0.00937705 0.0079827 0.00934982 0.0216084 0.0217522 0.128899 0.00957674 0.126134 0.017478 0.0172861
16 65536 28629 8523 6.1e-08 0.774758 2.6e-08 0.807721 0.0047131 0.0189605 0.00439622 0.0465196 0.0465376 0.00948481 0.00798465 0.00942469 0.0216347 0.0216819 0.120665 0.0093498 0.120792 0.0173186 0.0173208
16 65536 28747 8477 6.8e-08 0.755966 3.3e-08 0.808248 0.00478566 0.0182824 0.00440143 0.0465308 0.0465175 0.00940074 0.00805991 0.00946681 0.0218585 0.0217637 0.122869 0.00929646 0.1222 0.0173721 0.0174102
16 65536 26606 8474 6.9e-08 0.757005 3e-08 0.808304 0.00493235 0.0182695 0.00465689 0.0465843 0.0466072 0.00952588 0.00801231 0.00997402 0.0202547 0.0202493 0.116781 0.00910823 0.119058 0.0171181 0.0170926
16 65536 26648 8519 6.8e-08 0.756093 2.8e-08 0.808057 0.00481127 0.018389 0.00447506 0.0466497 0.0465903 0.00944744 0.00809666 0.0100276 0.0203954 0.0204014 0.117665 0.00918382 0.119882 0.0172726 0.017383
16 65536 28689 8475 6.2e-08 0.755385 2.7e-08 0.807639 0.00487037 0.0183199 0.00444 0.0466231 0.0467248 0.0094836 0.00804208 0.00944486 0.0217305 0.0217815 0.122271 0.00931084 0.122235 0.0175807 0.0174342
16 65536 28715 8534 7.1e-08 0.75613 2.8e-08 0.807672 0.00480462 0.0182829 0.0045077 0.0465252 0.0464261 0.00933391 0.00800762 0.00943947 0.0216335 0.0173732 0.119617 0.00920978 0.11982 0.0172018 0.0172256
16 65536 28643 8548 6.1e-08 0.760029 2.6e-08 0.807879 0.0047216 0.0182799 0.00440555 0.0465041 0.046504 0.00948925 0.00798726 0.00951765 0.0216276 0.0216849 0.120258 0.0092767 0.120714 0.0174583 0.0174159
16 65536 28734 8500 7.1e-08 0.758049 3.4e-08 0.807177 0.00483432 0.0192754 0.00447877 0.0465164 0.0465293 0.00945335 0.0080165 0.00935199 0.0216931 0.0217548 0.124943 0.00937531 0.124324 0.0174763 0.0175109
16 131072 57257 16906 1.04e-07 1.5085 2.8e-08 1.61547 0.00885189 0.0364964 0.00825177 0.0927907 0.0927913 0.0182911 0.0158569 0.0181527 0.0434168 0.0431724 0.246261 0.0128118 0.247001 0.0288241 0.0289051
16 131072 57249 16793 6.7e-08 1.50902 3.4e-08 1.6161 0.00876134 0.0365012 0.00821901 0.0927942 0.0927085 0.018017 0.0158446 0.0180551 0.0456666 0.0430391 0.253244 0.0129013 0.254045 0.0289045 0.0289153
16 131072 53251 16766 7.2e-08 1.50923 4.5e-08 2.57981 0.00869395 0.038575 0.00811437 0.092789 0.0927565 0.018153 0.0159806 0.0191278 0.0405091 0.0432333 0.249834 0.0129586 0.249637 0.0288265 0.0289551
16 131072 57403 16786 6.5e-08 1.52035 3.3e-08 1.61608 0.0087864 0.0364827 0.00821987 0.0928586 0.0927326 0.01811 0.0158861 0.018073 0.0431118 0.0431887 0.253461 0.0128692 0.241849 0.0283642 0.0285431
16 131072 57357 16754 6.2e-08 1.53497 2.7e-08 1.61694 0.00870107 0.0364814 0.00821891 0.0927703 0.0927505 0.0193728 0.014726 0.0182558 0.0431922 0.0431792 0.240908 0.0126228 0.250385 0.0289047 0.0288503
16 131072 57478 16799 6.4e-08 1.53248 2.8e-08 1.61695 0.00873154 0.0364866 0.0082358 0.0929409 0.0928693 0.0182274 0.0160039 0.0183052 0.0432611 0.0433064 0.249021 0.0127772 0.249986 0.0289279 0.0291313
16 131072 53190 16795 6.7e-08 1.53885 2.7e-08 1.61725 0.00876112 0.0364884 0.00820476 0.0928747 0.0928938 0.0183634 0.0160658 0.0191685 0.040947 0.040923 0.244793 0.0126123 0.250177 0.029372 0.0286994
16 131072 57379 16715 1.34e-07 1.51619 2.8e-08 1.61649 0.00876858 0.0364993 0.00822447 0.0927519 0.0927418 0.0183265 0.0158785 0.0181766 0.0432873 0.043384 0.249372 0.0128026 0.250481 0.0297125 0.0290903
16 131072 57361 16816 6.6e-08 1.53144 2.6e-08 1.61448 0.00875805 0.0364844 0.00811161 0.0927844 0.0931259 0.0210876 0.0159911 0.0183582 0.0431817 0.0432618 0.239376 0.0125537 0.249726 0.0289417 0.0290379
16 131072 53231 16882 7.1e-08 1.50912 2.7e-08 1.61779 0.00871523 0.0364963 0.00813666 0.0928797 0.0927538 0.0181294 0.0159893 0.019255 0.0405616 0.0405486 0.247076 0.0128119 0.247232 0.0288564 0.028895
16 131072 57388 16864 7.3e-08 1.50748 3.5e-08 1.61808 0.00873861 0.0364852 0.00825847 0.0927663 0.0927909 0.018175 0.0158968 0.0182542 0.0431844 0.0432874 0.251667 0.012888 0.252231 0.0290264 0.0291304
16 131072 57339 16737 7.2e-08 1.53939 2.8e-08 1.61786 0.00947634 0.0365044 0.00816914 0.0926888 0.0926996 0.0185492 0.0158713 0.0181169 0.0431159 0.0431393 0.251405 0.0128276 0.255698 0.0289433 0.0289942
16 131072 57407 16763 7.2e-08 1.51134 2.8e-08 1.61556 0.00873481 0.0364889 0.00818337 0.0927819 0.092717 0.0193375 0.014733 0.0181712 0.0432352 0.0432134 0.247289 0.0128382 0.249363 0.0290988 0.0291416
16 131072 57299 16788 6.8e-08 1.51336 2.6e-08 1.63059 0.0087073 0.0364966 0.00809827 0.0928616 0.0927818 0.0183224 0.0158781 0.0182716 0.0431929 0.0432875 0.252554 0.0128352 0.253196 0.0289804 0.0291257
16 131072 57308 16766 7.3e-08 1.52955 2.8e-08 1.61743 0.00878104 0.0364847 0.00831674 0.0929363 0.0928771 0.0183534 0.0158814 0.018299 0.04312 0.0432673 0.254639 0.0129095 0.254955 0.0291455 0.0290392
16 131072 57302 16796 6.8e-08 1.50746 2.7e-08 1.62948 0.0088219 0.0365051 0.00817224 0.0927605 0.0927303 0.0184429 0.0158602 0.0184907 0.0434149 0.0432525 0.249879 0.0127881 0.250752 0.0289614 0.0290299
16 131072 57364 16893 7.2e-08 1.52113 2.8e-08 1.62329 0.00889289 0.0364812 0.00847478 0.0928012 0.092707 0.0183373 0.0158759 0.018361 0.0432976 0.0433149 0.251028 0.0128346 0.252066 0.0291727 0.0292587
16 131072 57347 16913 6.6e-08 1.50809 2.6e-08 1.61476 0.00865766 0.0364927 0.00812941 0.0930019 0.0926738 0.0182836 0.0158829 0.0181562 0.0433969 0.0434319 0.249508 0.0128053 0.249557 0.0290399 0.0289581
16 131072 57381 17017 7e-08 1.51921 2.5e-08 1.6159 0.00866875 0.0364805 0.00815349 0.0927898 0.0927329 0.0180991 0.0158796 0.01826 0.0432672 0.0433461 0.25228 0.0128744 0.25268 0.0290673 0.0294402
16 131072 57331 16773 7.4e-08 1.53327 3.4e-08 1.61529 0.00865963 0.0364851 0.00813248 0.0927697 0.0927186 0.0181935 0.015885 0.0181269 0.0431616 0.0433265 0.250891 0.0127839 0.251586 0.0289211 0.0290271
16 262144 114818 34127 6.9e-08 3.03751 3e-08 3.30919 0.0166365 0.0730516 0.0163588 0.186071 0.187095 0.0366094 0.0318664 0.036181 0.087114 0.0914723 0.464387 0.0173627 0.432643 0.0500437 0.0501676
16 262144 114569 34147 6.8e-08 3.0706 2.8e-08 3.34327 0.0169414 0.0730306 0.0165813 0.186449 0.187076 0.0368219 0.0315841 0.0363027 0.0867396 0.0866873 0.474311 0.017552 0.421315 0.0501324 0.0500146
16 262144 114870 34020 6.6e-08 3.02684 2.8e-08 3.328 0.0169479 0.0730599 0.0167336 0.186056 0.18711 0.0365078 0.0318791 0.0361848 0.0867236 0.0866783 0.480203 0.0175769 0.430604 0.050514 0.0509172
16 262144 114781 34124 7.5e-08 3.06939 3.5e-08 3.30933 0.0167934 0.0734816 0.0165702 0.186644 0.187885 0.0364072 0.0319691 0.0360045 0.0867906 0.0868074 0.490555 0.0176251 0.431919 0.0499486 0.050006
16 262144 114822 34179 7.5e-08 3.01685 3.2e-08 3.31017 0.017048 0.0730022 0.0167991 0.186088 0.187136 0.0369891 0.0318569 0.0374362 0.0882575 0.0946727 0.463565 0.0173923 0.42478 0.0500663 0.0502242
16 262144 114732 34019 6.9e-08 3.00811 2.8e-08 3.30647 0.0167032 0.0730944 0.0163555 0.186032 0.187037 0.0363466 0.0316482 0.036073 0.0865754 0.0866338 0.472511 0.0175034 0.43028 0.0490976 0.0495422
16 262144 114752 34085 6.6e-08 3.02757 2.9e-08 3.3372 0.0179226 0.0729995 0.0164247 0.186076 0.187136 0.036431 0.0316372 0.0359971 0.0865682 0.0864136 0.471881 0.0177687 0.431623 0.0496442 0.05035
16 262144 114628 34030 6.9e-08 3.02352 2.5e-08 3.335 0.0166721 0.0732528 0.0164353 0.186048 0.187031 0.0368738 0.0317468 0.0362857 0.0868361 0.0867279 0.484704 0.0176052 0.432658 0.0504255 0.0503291
16 262144 115004 34031 1.23e-07 3.01896 2.8e-08 3.33919 0.016779 0.0730225 0.0164343 0.186043 0.187062 0.0365698 0.0317056 0.0363993 0.0872985 0.0871471 0.471369 0.0175035 0.43007 0.0498015 0.0502239
16 262144 114779 34380 6.9e-08 3.01912 2.8e-08 3.3379 0.0168667 0.0730287 0.0165462 0.186397 0.187241 0.0371762 0.03201 0.0369855 0.0872265 0.0875166 0.463293 0.0173725 0.411464 0.0503346 0.0500487
16 262144 114866 34191 6.4e-08 3.02419 3.4e-08 3.31898 0.0168334 0.0730056 0.0163499 0.186029 0.187088 0.0366939 0.0318216 0.0362777 0.08695 0.0868526 0.467498 0.0175875 0.418 0.0497962 0.0500872
16 262144 114619 34272 7.8e-08 3.00383 3.4e-08 3.30992 0.0167658 0.0732209 0.0164638 0.186689 0.187847 0.0365989 0.0317008 0.0360503 0.0867171 0.0869753 0.45996 0.0173534 0.418919 0.0496905 0.049822
16 262144 114678 34141 7.1e-08 3.03723 3.3e-08 3.32161 0.0167295 0.0730151 0.0164752 0.186047 0.187097 0.0366995 0.0316389 0.0362828 0.0868623 0.0867524 0.474179 0.0175657 0.42197 0.050447 0.0503305
16 262144 114917 34243 6.8e-08 3.05161 2.8e-08 3.35514 0.0168152 0.0731013 0.0163965 0.185847 0.187118 0.0367123 0.0319913 0.0363955 0.0945147 0.0873286 0.461787 0.0173358 0.412079 0.050195 0.049849
16 262144 114800 34134 6.5e-08 3.0185 2.5e-08 3.31233 0.0166664 0.0730238 0.0165253 0.18604 0.187095 0.0365759 0.0318518 0.0366339 0.0868483 0.0868343 0.471029 0.0177436 0.430346 0.049934 0.050244
16 262144 114832 34093 7.7e-08 3.02999 2.8e-08 3.32065 0.0168816 0.0730382 0.0165637 0.186768 0.187042 0.0367598 0.031893 0.0365751 0.0868969 0.0890485 0.477892 0.0175739 0.425517 0.0499577 0.0502397
16 262144 114667 33996 6.3e-08 3.01075 2.7e-08 3.31457 0.016769 0.0730406 0.0166103 0.186058 0.18707 0.0369139 0.0316154 0.0363554 0.0869578 0.0869382 0.479049 0.017705 0.427016 0.049878 0.0500974
16 262144 114905 34202 7.8e-08 3.00445 2.9e-08 3.34468 0.0167883 0.0730155 0.0164438 0.18606 0.187713 0.0368166 0.0317788 0.0366009 0.0872643 0.0869754 0.460275 0.0173383 0.420983 0.0499403 0.0499891
16 262144 114735 34057 7.1e-08 3.02747 3.2e-08 3.30994 0.0167587 0.0732172 0.0164437 0.186063 0.187363 0.0368611 0.0316473 0.0364698 0.0868649 0.0870903 0.473307 0.017546 0.43142 0.0497542 0.050254
16 262144 114640 33968 7.5e-08 3.02705 4e-08 3.325 0.0167535 0.073167 0.0163828 0.187325 0.187528 0.0368549 0.0316004 0.0363393 0.0867969 0.0867559 0.470784 0.0174651 0.429596 0.049682 0.0501409
16 524288 230035 66817 7e-08 6.04899 3.4e-08 8.52978 0.0345347 0.146099 0.0324867 0.374839 0.375121 0.0729806 0.0636156 0.0728314 0.174193 0.174369 0.971988 0.0313604 0.927362 0.0974814 0.0933343
16 524288 229537 66965 7.8e-08 6.0177 3.4e-08 8.53538 0.0328022 0.146092 0.0324779 0.372874 0.376129 0.0733035 0.0633973 0.0724891 0.174557 0.174651 0.934122 0.0312851 0.925769 0.0932291 0.0936002
16 524288 229890 67017 7.2e-08 6.0197 3.4e-08 8.53837 0.0328618 0.146116 0.0325693 0.372459 0.373767 0.0732913 0.0633582 0.0725994 0.174576 0.174738 0.923802 0.0282384 0.929729 0.0928654 0.0937285
16 524288 229691 67502 7.8e-08 6.02839 2.7e-08 8.49064 0.0328682 0.146776 0.0325681 0.373493 0.374041 0.0733706 0.0632689 0.0726152 0.174203 0.173963 0.920909 0.0314443 0.914669 0.0944182 0.0933275
16 524288 229771 67196 6.4e-08 6.03035 2.6e-08 8.54287 0.0332882 0.14631 0.032969 0.372465 0.373784 0.0734945 0.0633326 0.0727756 0.173889 0.174194 0.928265 0.0313964 0.935735 0.0930492 0.0936011
16 524288 229468 67221 7.4e-08 6.04008 3.2e-08 8.4866 0.0330546 0.146127 0.0327376 0.372827 0.3746 0.0728022 0.0635348 0.0720023 0.173179 0.174008 0.931053 0.0313553 0.912108 0.0971198 0.0931329
16 524288 229459 67036 6.9e-08 6.07746 2.7e-08 8.53877 0.0328423 0.146105 0.0324491 0.373306 0.374877 0.0733203 0.0636123 0.0727348 0.174094 0.174281 0.91332 0.0312926 0.935672 0.0927506 0.093595
16 524288 229549 67052 7.2e-08 6.03746 2.6e-08 8.48591 0.0329592 0.146156 0.0330766 0.373559 0.37373 0.0733995 0.0634753 0.0725721 0.173907 0.183322 0.918385 0.0283284 0.907719 0.0928695 0.0934817
16 524288 229598 66945 6.7e-08 6.01994 3.3e-08 8.51736 0.0331227 0.146088 0.0328174 0.373678 0.374212 0.0734621 0.0634171 0.0726945 0.173722 0.174426 0.94594 0.0283165 0.957981 0.0936659 0.0933315
16 524288 229507 67378 7.4e-08 6.09613 3.2e-08 8.53259 0.0349192 0.146159 0.0346303 0.372598 0.375678 0.0749992 0.0636381 0.0746741 0.173736 0.174003 0.915596 0.0314056 0.913401 0.0936937 0.0937191
16 524288 229355 67145 6.7e-08 6.04333 3.4e-08 8.54528 0.0350372 0.151407 0.0325227 0.373251 0.376098 0.0732667 0.0631945 0.0727258 0.173736 0.173703 0.939031 0.0313679 0.938941 0.0928761 0.0931029
16 524288 229630 67526 7.5e-08 6.00651 3.4e-08 8.5134 0.033203 0.146176 0.0326471 0.37258 0.373841 0.0732521 0.063601 0.0730086 0.173885 0.174336 0.931426 0.0313963 0.917161 0.0941691 0.0934268
16 524288 229685 67134 6.5e-08 6.05057 3.3e-08 8.56493 0.0319147 0.146105 0.0321065 0.37245 0.373697 0.0727094 0.0633256 0.072735 0.173874 0.174199 0.948394 0.0312281 0.90792 0.0929363 0.0935118
16 524288 229816 67087 7.3e-08 6.04586 3.3e-08 8.50385 0.0329658 0.146065 0.0326158 0.372578 0.37462 0.0732539 0.0652295 0.0716996 0.17349 0.174041 0.910216 0.0283373 0.921496 0.0924684 0.09284
16 524288 229621 66912 6.4e-08 6.07509 2.8e-08 8.51911 0.0334525 0.14658 0.0326639 0.373434 0.375503 0.0729251 0.0643848 0.0723184 0.173548 0.174415 0.936116 0.0282766 0.939213 0.093089 0.0931822
16 524288 229348 67629 7.7e-08 6.03871 3.3e-08 8.50588 0.0329834 0.146856 0.0325972 0.372332 0.374939 0.0733689 0.0635934 0.0730718 0.174222 0.173613 0.914889 0.031405 0.905426 0.093509 0.0936088
16 524288 229515 67057 7.5e-08 6.05716 2.8e-08 8.5033 0.0328815 0.1464 0.0325365 0.374575 0.377085 0.0726576 0.0640445 0.0726415 0.173698 0.174176 0.91416 0.0312491 0.938666 0.0913093 0.0920379
16 524288 229404 67315 6.8e-08 6.0059 2.8e-08 8.81428 0.0328194 0.146094 0.0326562 0.373259 0.374185 0.0735883 0.0632613 0.0727722 0.173957 0.173444 0.923466 0.0283494 0.92263 0.0932096 0.0932191
16 524288 229389 67212 6.7e-08 6.06265 3e-08 8.46225 0.0330553 0.146083 0.0328019 0.373152 0.375022 0.0735625 0.0631895 0.0729925 0.17389 0.173569 0.932793 0.0315722 0.927547 0.093166 0.0935068
16 524288 229532 67596 7.8e-08 6.07352 2.7e-08 8.49827 0.0334396 0.146086 0.0331151 0.372199 0.375673 0.0729727 0.0634918 0.0725853 0.173176 0.173363 0.950546 0.0316225 0.935614 0.0931017 0.0930683
16 1048576 459106 130488 6.7e-08 12.0329 3.4e-08 19.0179 0.0646945 0.292289 0.0645474 0.748011 0.750674 0.145921 0.126501 0.144845 0.346873 0.347842 2.20648 0.0496101 2.1545 0.185176 0.186274
16 1048576 459143 132124 1.05e-07 12.0618 3.4e-08 18.959 0.0673689 0.29401 0.0646602 0.747535 0.750722 0.144616 0.127235 0.143692 0.347206 0.348343 2.18777 0.0496049 2.01465 0.183505 0.183554
16 1048576 459206 132188 6.8e-08 12.0551 3.5e-08 19.0054 0.0645872 0.292221 0.0643897 0.745261 0.749479 0.145616 0.126461 0.144475 0.346883 0.347594 2.20317 0.0515196 2.00572 0.183981 0.185043
16 1048576 458833 131518 7.8e-08 12.021 3.5e-08 18.9631 0.0643721 0.29226 0.0640941 0.745801 0.750286 0.145731 0.131959 0.144474 0.345914 0.348242 2.18756 0.0506795 2.0659 0.184303 0.184862
16 1048576 458906 131550 7e-08 12.0634 3.3e-08 18.9388 0.0636971 0.292421 0.0659186 0.745948 0.748857 0.14489 0.131735 0.144293 0.346844 0.348488 2.14156 0.0486831 2.10602 0.184051 0.184325
16 1048576 459243 130362 7.7e-08 12.0534 3.2e-08 18.9702 0.0645908 0.293729 0.0641905 0.746277 0.751095 0.145624 0.126892 0.146357 0.347937 0.349597 2.19351 0.0493974 2.17931 0.184995 0.185566
16 1048576 459116 130597 8.5e-08 12.0554 3.3e-08 18.9277 0.0642833 0.292234 0.0643079 0.74531 0.749399 0.145033 0.126528 0.14516 0.346848 0.347885 2.164 0.0488881 2.14678 0.184989 0.184535
16 1048576 459412 131876 8.9e-08 12.1233 3.3e-08 19.0117 0.0660366 0.29253 0.0636633 0.745288 0.749921 0.146293 0.1274 0.144608 0.348685 0.349187 2.19159 0.0498157 2.04509 0.185082 0.185194
16 1048576 459088 132518 6.3e-08 12.1184 3.4e-08 18.9893 0.0644328 0.292218 0.0643466 0.74517 0.749183 0.145699 0.126438 0.145124 0.346578 0.356678 2.1934 0.0496005 1.96934 0.187046 0.18699
16 1048576 459223 130662 8.2e-08 12.0806 3.6e-08 18.9587 0.064307 0.292248 0.064215 0.748307 0.751368 0.144106 0.126643 0.143436 0.346049 0.348606 2.16978 0.0495698 2.14281 0.180757 0.180568
16 1048576 459006 131693 6.6e-08 12.0771 3.2e-08 18.9741 0.0667335 0.292343 0.0641036 0.745277 0.749262 0.145542 0.127025 0.145344 0.346844 0.347988 2.19114 0.049885 2.06241 0.185348 0.185355
16 1048576 459206 131892 7.3e-08 12.1161 3.3e-08 18.9752 0.0643539 0.293243 0.0641911 0.745536 0.749641 0.145368 0.126487 0.144621 0.347159 0.34796 2.16503 0.0497195 2.09448 0.184927 0.185263
16 1048576 459235 132980 6.8e-08 12.023 3.4e-08 18.92 0.0642944 0.292187 0.0638925 0.748801 0.74934 0.143907 0.126448 0.143672 0.347059 0.353337 2.10098 0.0488464 1.98044 0.181107 0.182243
16 1048576 426191 131321 7.3e-08 12.006 3.2e-08 18.9495 0.0645484 0.292226 0.0665564 0.745577 0.750806 0.145341 0.12653 0.154239 0.325187 0.348051 2.10382 0.0492959 2.19233 0.185431 0.184375
16 1048576 459307 131778 6.5e-08 12.0684 3.2e-08 18.9119 0.0644819 0.292225 0.06427 0.745569 0.749717 0.144266 0.126552 0.143121 0.345766 0.346761 2.19226 0.0501293 2.0349 0.183862 0.18292
16 1048576 459174 132139 7.5e-08 12.0207 3.3e-08 18.9798 0.0644858 0.292165 0.0641376 0.745433 0.749708 0.14532 0.126498 0.144695 0.379806 0.348091 2.1956 0.0499875 1.99754 0.184644 0.190875
16 1048576 459226 131809 7e-08 12.0336 2.5e-08 18.9579 0.0643426 0.292194 0.0663166 0.74642 0.751153 0.146847 0.127404 0.148077 0.347592 0.349084 2.21196 0.0496532 2.04098 0.18609 0.185601
16 1048576 458946 131571 8.1e-08 12.0158 3.5e-08 18.9949 0.0683397 0.292619 0.0681103 0.745422 0.749387 0.147836 0.126943 0.147109 0.34993 0.347263 2.15761 0.0494456 2.12138 0.182217 0.182458
16 1048576 459113 132499 7.2e-08 12.0433 3.9e-08 18.919 0.0646364 0.292313 0.0647437 0.746296 0.750452 0.144817 0.126479 0.144473 0.347384 0.347806 2.15409 0.0495435 1.99426 0.18542 0.18516
16 1048576 459213 132318 8.2e-08 12.0656 3.5e-08 18.9381 0.0644864 0.292309 0.0670358 0.745498 0.749323 0.14561 0.126527 0.144647 0.346809 0.349154 2.20213 0.0500038 1.99258 0.186106 0.186175
16 2097152 918988 259615 7.3e-08 24.0027 3.5e-08 39.5816 0.130957 0.584451 0.127951 1.49174 1.49526 0.288036 0.253091 0.288574 0.692142 0.703705 4.60462 0.0877725 4.60672 0.351333 0.35256
16 2097152 918113 256294 8.3e-08 23.968 3.3e-08 39.6485 0.131174 0.584405 0.127792 1.51718 1.50683 0.291096 0.253756 0.289307 0.693955 0.693855 4.75819 0.0876871 4.77712 0.358898 0.360238
16 2097152 917965 256717 8.4e-08 24.0065 3.3e-08 39.7032 0.130699 0.584626 0.127583 1.49658 1.49143 0.288511 0.252945 0.287466 0.691007 0.691319 4.69018 0.0872155 4.71514 0.354062 0.354109
16 2097152 918087 256258 8.3e-08 24.1875 3.5e-08 39.6912 0.14539 0.584436 0.131692 1.49651 1.49196 0.294478 0.253907 0.29246 0.694245 0.695201 4.76498 0.087895 4.75586 0.357868 0.35597
16 2097152 918154 257402 7.7e-08 24.0236 3.7e-08 39.6802 0.131233 0.584488 0.127864 1.49674 1.49615 0.288068 0.255164 0.287145 0.692789 0.691206 4.6913 0.0885178 4.73349 0.356784 0.355555
16 2097152 918627 256624 8.3e-08 24.0185 3.7e-08 39.6518 0.129889 0.584457 0.127361 1.49618 1.49203 0.291392 0.261404 0.28749 0.691431 0.692686 4.68737 0.0873709 4.73904 0.353544 0.352613
16 2097152 917685 256800 7.4e-08 24.1595 3.5e-08 39.6438 0.135324 0.584409 0.134488 1.49717 1.49211 0.294912 0.25443 0.293959 0.694151 0.692298 4.79653 0.0878365 4.72158 0.354632 0.353584
16 2097152 918636 257402 8e-08 23.995 3.3e-08 39.5925 0.131161 0.584349 0.127529 1.49754 1.49229 0.290662 0.254512 0.289185 0.703392 0.694052 4.70377 0.087712 4.72172 0.358338 0.357364
16 2097152 919127 254104 8.2e-08 23.9866 3.2e-08 39.5844 0.130323 0.584424 0.127291 1.51643 1.50349 0.287426 0.254254 0.286841 0.692303 0.694941 4.767 0.0876796 5.06114 0.350193 0.350073
16 2097152 917908 259223 7.8e-08 24.0116 3.5e-08 39.7737 0.130598 0.584397 0.127716 1.50008 1.49936 0.290569 0.252942 0.289725 0.694222 0.723299 4.61127 0.08751 4.51304 0.361371 0.358358
16 2097152 917839 260198 7.3e-08 24.0144 3.6e-08 39.6396 0.133388 0.584364 0.130203 1.49719 1.49359 0.289783 0.261782 0.291836 0.693557 0.702465 4.6379 0.0885725 4.57993 0.359017 0.359502
16 2097152 918512 257815 8.2e-08 23.9917 3.5e-08 39.674 0.129998 0.58542 0.12785 1.4965 1.49362 0.290159 0.252956 0.28868 0.730725 0.697869 4.68956 0.100417 4.69041 0.360412 0.3628
16 2097152 918229 256427 7.9e-08 24.0052 3.5e-08 39.632 0.130453 0.584259 0.127529 1.49982 1.49204 0.290792 0.253818 0.289112 0.696395 0.696503 4.72426 0.0875946 4.77815 0.3585 0.359253
16 2097152 918057 260221 7.1e-08 24.0775 3.3e-08 39.7407 0.132631 0.584474 0.128927 1.49766 1.49184 0.288836 0.252986 0.288337 0.692684 0.693238 4.80256 0.0887244 4.32476 0.350513 0.348473
16 2097152 918603 257131 9.2e-08 24.0322 3.5e-08 39.5974 0.130464 0.584443 0.127724 1.4976 1.49278 0.288913 0.254874 0.286842 0.694018 0.693094 4.74286 0.0874696 4.72651 0.356221 0.356142
16 2097152 918560 259246 7.7e-08 24.0823 3.2e-08 39.8049 0.132367 0.584333 0.129491 1.49657 1.49133 0.290293 0.252956 0.290329 0.694147 0.692781 4.65453 0.0885866 4.65596 0.350056 0.362434
16 2097152 918142 257689 7.5e-08 24.3872 3.2e-08 39.5957 0.130607 0.586517 0.127854 1.49672 1.49125 0.287828 0.255344 0.286715 0.692125 0.691481 4.83618 0.0879608 4.63214 0.347516 0.352529
16 2097152 918620 260474 8e-08 24.0007 3.3e-08 39.6123 0.130618 0.58436 0.127593 1.49731 1.49216 0.288323 0.2542 0.286074 0.696013 0.692331 4.53517 0.088521 4.52782 0.351687 0.350117
16 2097152 918676 256430 8.5e-08 24.0621 3.3e-08 39.6484 0.130345 0.584398 0.127963 1.49691 1.49139 0.288325 0.253878 0.287234 0.692019 0.692753 4.73262 0.0880765 4.77207 0.351671 0.350062
16 2097152 918263 257381 7.9e-08 24.042 3.3e-08 39.5989 0.130799 0.601972 0.127555 1.49886 1.49476 0.290417 0.254294 0.288969 0.693579 0.697607 4.66091 0.0880556 4.67043 0.358281 0.359129
16 4194304 1836382 510752 7.8e-08 48.0357 3.3e-08 81.2067 0.257607 1.1687 0.25422 2.9885 3.00404 0.575806 0.505702 0.572294 1.39221 1.38911 9.83504 0.16844 9.73669 0.696253 0.693756
16 4194304 1836279 508369 6.5e-08 48.0169 3.4e-08 81.2405 0.257021 1.16864 0.254152 2.98879 3.00449 0.582578 0.508738 0.579488 1.39723 1.40212 10.008 0.162472 9.91441 0.70033 0.700583
16 4194304 1836222 513454 7.5e-08 47.9726 3.3e-08 81.2995 0.256582 1.2071 0.253468 2.98825 3.00439 0.574775 0.508672 0.572722 1.39219 1.45126 9.8598 0.168192 9.61396 0.684461 0.689667
16 4194304 1836762 513000 7.7e-08 47.9228 4.5e-08 81.0522 0.256151 1.16867 0.254088 2.98739 3.00376 0.574408 0.507267 0.573103 1.39642 1.38918 9.72747 0.161853 9.70451 0.687771 0.68735
16 4194304 1836657 509410 8.2e-08 48.0582 4.5e-08 81.1177 0.26237 1.16857 0.259406 2.98753 3.00318 0.585714 0.50852 0.579487 1.40108 1.39425 9.9269 0.16403 9.8965 0.703063 0.70033
16 4194304 1836189 508989 7.4e-08 47.9677 3.4e-08 81.2333 0.256562 1.17003 0.253944 2.98778 3.01709 0.587248 0.51058 0.585196 1.40093 1.41224 9.88802 0.162687 9.81686 0.71819 0.696578
16 4194304 1836639 512910 7.9e-08 48.0539 4.6e-08 81.4285 0.259925 1.17059 0.255449 2.98807 3.00288 0.584416 0.507227 0.584685 1.39891 1.39531 9.82992 0.163985 9.68352 0.700237 0.701915
16 4194304 1703745 509090 7.5e-08 48.0405 2.8e-08 81.209 0.256952 1.16882 0.25336 2.98938 3.01069 0.575443 0.505753 0.606181 1.30308 1.39834 9.92672 0.165601 9.80654 0.686631 0.687583
16 4194304 1836683 511188 7.4e-08 48.0054 3.2e-08 81.0578 0.257201 1.17218 0.253726 2.98862 3.0045 0.57895 0.510206 0.578008 1.39714 1.41168 9.8993 0.163731 9.69343 0.704039 0.704547
16 4194304 1836926 507591 9.1e-08 48.0262 2.7e-08 81.1382 0.256908 1.16884 0.253498 2.98717 3.00313 0.573792 0.505701 0.572617 1.39299 1.3888 10.0596 0.1624 9.93111 0.69159 0.692489
16 4194304 1836074 509975 7.1e-08 48.2316 2.7e-08 81.5062 0.259254 1.16855 0.25591 2.98788 3.00365 0.580969 0.505656 0.580263 1.40077 1.39229 10.0064 0.164218 9.88314 0.703617 0.705053
16 4194304 1836322 508284 7.5e-08 48.0011 3.3e-08 81.0784 0.25698 1.16884 0.253272 2.99277 3.00516 0.58025 0.508735 0.576209 1.45191 1.39359 10.0722 0.167901 9.97474 0.698505 0.698992
16 4194304 1837190 512642 6.8e-08 47.9747 4.5e-08 81.1028 0.256911 1.16858 0.253493 2.99496 3.00976 0.5782 0.511029 0.577264 1.39406 1.4012 9.8442 0.162433 9.60031 0.686314 0.683364
16 4194304 1836535 509108 8e-08 47.9957 4.5e-08 81.1799 0.260311 1.16943 0.258664 2.99395 3.0049 0.583999 0.505742 0.581046 1.40244 1.39654 9.92244 0.167014 9.79539 0.702863 0.700759
16 4194304 1836153 510066 7.8e-08 48.031 4.5e-08 83.6574 0.256467 1.16872 0.253388 2.98795 3.00433 0.575533 0.509479 0.576194 1.39322 1.39139 9.96111 0.16606 9.81372 0.683511 0.689813
16 4194304 1836695 509349 7.6e-08 48.0264 4.5e-08 81.1136 0.257757 1.21119 0.254661 2.98829 3.00463 0.580833 0.507769 0.578388 1.39859 1.39427 10.0236 0.162325 9.906 0.701441 0.700421
16 4194304 1836652 511231 8.5e-08 48.2941 4.5e-08 81.3117 0.258793 1.16871 0.256414 2.99286 3.00916 0.582142 0.508824 0.579297 1.40215 1.39544 9.94473 0.163467 9.74181 0.703091 0.70299
16 4194304 1837006 509159 6.5e-08 48.26 4.5e-08 81.4516 0.257053 1.16904 0.253887 3.00058 3.00507 0.574674 0.506101 0.57266 1.3959 1.38929 9.89631 0.165868 9.82761 0.713999 0.692058
16 4194304 1836360 509739 7.4e-08 47.9405 4.5e-08 81.2619 0.256547 1.17472 0.253467 2.99591 3.01348 0.58209 0.506726 0.58242 1.40158 1.39671 9.96688 0.164721 9.83672 0.702038 0.702973
16 4194304 1836832 506857 7.4e-08 48.1758 4.5e-08 81.0453 0.25704 1.16925 0.253675 2.9879 3.00424 0.578585 0.5088 0.577724 1.45732 1.39305 10.0118 0.161521 9.95225 0.698562 0.698985
16 8388608 3673832 1016532 8.1e-08 95.8907 3.2e-08 163.702 0.516469 2.32013 0.5125 6.01618 6.02174 1.19466 1.01711 1.19688 2.79892 3.03928 20.8382 0.317687 20.5431 1.39468 1.39823
16 8388608 3672946 1013523 7.7e-08 95.9918 3.4e-08 163.663 0.515119 2.30666 0.512874 6.00855 6.01568 1.19472 1.01599 1.1925 2.79821 2.80011 20.2456 0.314793 20.3606 1.40477 1.38986
16 8388608 3673609 1013200 7.4e-08 96.1701 4.5e-08 165.105 0.516796 2.30649 0.513533 6.01424 6.01362 1.19699 1.01121 1.19657 2.80294 2.80032 20.2289 0.312175 20.3952 1.38807 1.38953
16 8388608 3672756 1019229 7.1e-08 96.1252 4.5e-08 164.043 0.516078 2.30789 0.5131 6.01629 6.01621 1.18789 1.02091 1.18445 2.78911 2.79235 19.8886 0.316266 19.787 1.37913 1.37246
16 8388608 3673212 1024314 7.7e-08 96.1472 4.6e-08 164.603 0.521775 2.31307 0.517765 6.02585 6.00815 1.19864 1.01011 1.19587 2.798 2.79773 19.3958 0.316974 19.9184 1.39656 1.39632
16 8388608 3673260 1029786 7e-08 95.91 4.5e-08 163.682 0.516616 2.32026 0.511733 6.01001 6.00201 1.1836 1.0149 1.18241 2.79031 2.79124 19.4132 0.319504 19.3049 1.37996 1.3949
16 8388608 3671668 1011052 7.9e-08 95.9141 4.5e-08 164.017 0.515602 2.30917 0.511526 6.0103 6.0962 1.12199 1.11087 1.19428 2.80571 2.80046 20.1117 0.320624 20.7059 1.46761 1.4012
16 8388608 3673390 1020900 6.8e-08 95.8155 3.4e-08 163.717 0.515018 2.30667 0.51281 6.00691 6.00157 1.18243 1.01799 1.18217 2.78951 2.80346 19.6072 0.314285 20.074 1.36422 1.36108
16 8388608 4019106 1026416 7.1e-08 97.4355 3e-08 164.831 0.515675 2.31061 0.512659 6.02211 6.01545 1.19492 1.01036 1.12055 3.04363 2.8014 20.2622 0.32008 19.5849 1.40399 1.40401
16 8388608 3672041 1012563 7.7e-08 95.8694 4.5e-08 164.169 0.515724 2.3142 0.513606 6.00509 6.00789 1.19969 1.01483 1.19375 2.80098 2.79786 20.2634 0.313116 20.5972 1.39493 1.40247
16 8388608 4019494 1012713 7.2e-08 96.0176 4.5e-08 164.072 0.51694 2.3081 0.514193 6.01003 6.00702 1.19439 1.02089 1.12239 3.04276 2.80863 20.7044 0.32135 20.4359 1.38939 1.38838
16 8388608 3673091 1020729 7.1e-08 95.9287 4.5e-08 163.845 0.516745 2.308 0.512949 6.02417 6.01855 1.20127 1.0384 1.19358 2.80005 2.80153 19.9383 0.311105 19.8384 1.40056 1.39249
16 8388608 3672919 1013261 7.1e-08 95.8996 4.5e-08 164.082 0.5224 2.32665 0.514265 6.02932 6.02164 1.19969 1.01752 1.18554 2.78991 2.78889 20.1039 0.312134 20.3552 1.39077 1.3783
16 8388608 3673328 1024320 7e-08 95.7902 4.6e-08 164.16 0.527108 2.30662 0.524003 6.01006 6.01344 1.19469 1.01919 1.19294 2.79787 2.79653 19.4098 0.321017 20.1876 1.37899 1.37563
16 8388608 3673817 1018763 8e-08 95.8918 2.7e-08 163.845 0.515899 2.30663 0.512908 6.00708 6.00156 1.18672 1.02057 1.18563 2.79056 2.80279 19.9354 0.310876 20.544 1.36426 1.36775
16 8388608 3672182 1023195 7.9e-08 95.926 2.6e-08 163.911 0.514342 2.30934 0.513445 6.07078 6.00606 1.19351 1.01001 1.19296 2.83076 2.82479 20.134 0.309993 19.4221 1.41374 1.39125
16 8388608 3672715 1011245 7.3e-08 95.8129 2.7e-08 161.634 0.516913 2.30639 0.513491 6.00716 6.00232 1.19533 1.01088 1.19106 2.79894 2.80286 19.9702 0.313307 20.5656 1.39652 1.39618
16 8388608 3672055 1012567 7.3e-08 95.8578 2.7e-08 161.64 0.516364 2.30683 0.514006 6.00779 6.00203 1.19229 1.01808 1.19356 2.79715 2.79909 20.2188 0.319799 20.5828 1.39694 1.3981
16 8388608 3674082 1026894 7.7e-08 96.2348 4.5e-08 161.795 0.516229 2.31254 0.513492 6.01138 6.01895 1.20069 1.01088 1.19846 2.80427 2.80723 19.2859 0.313235 19.954 1.39639 1.39787
16 8388608 3673473 1014924 8.1e-08 95.9795 4e-08 163.745 0.533841 2.30658 0.531245 6.01025 6.01025 1.20368 1.02171 1.20124 2.79191 2.7986 20.1393 0.313709 20.4104 1.37288 1.36725
